time_stamp translation_x translation_y translation_z rotation_x rotation_y rotation_z rotation_w
0.000000000 0 0 0 0.03589042673 -0.004080203605 -0.1343951645 0.9902692406 1
0.109994888 1.130838177 -0.3215897526 -0.00264739991 0.03622132508 -0.004975111124 -0.1343043228 0.9902654254 2
0.210042954 2.163012847 -0.6120286239 0.0022277832 0.03473109468 -0.003437040603 -0.1343824798 0.9903147413 3
0.310052872 3.192599502 -0.9043429913 0.00598144531 0.03476729343 -0.001345550578 -0.1343791528 0.9903189729 4
0.419983864 4.324981099 -1.228129027 0.0052947998 0.03466496652 -0.0002447653464 -0.1342376702 0.9903426317 5
0.520004034 5.35224373 -1.520691829 0.00113677978 0.03488278755 5.721395684e-05 -0.1341425898 0.9903478952 6
0.630076885 6.480811726 -1.841408083 -0.00467681885 0.03530812573 -0.0004069778828 -0.134005895 0.9903512461 7
0.730154038 7.511422567 -2.128167433 -0.01296234131 0.03506210269 -0.0009424470911 -0.1339148908 0.9903719315 8
0.830022812 8.55045835 -2.407538049 -0.02159881592 0.03474963686 -0.001257996666 -0.1338684366 0.9903888741 9
0.940022946 9.693145873 -2.713099115 -0.02973175049 0.0341815795 -0.001351034137 -0.1337583963 0.9904233871 10
1.040035010 10.72356711 -3.002177206 -0.03273773194 0.03392554829 -0.000839575864 -0.1337050048 0.9904399649 11
1.139995814 11.74948118 -3.314873697 -0.02917480469 0.03412493359 -0.0004716621638 -0.1337321981 0.9904296874 12
1.250138998 12.86949759 -3.645385067 -0.03037261963 0.03323543332 -0.000599116923 -0.133723663 0.9904610184 13
1.350070000 13.88493124 -3.950993932 -0.02953338623 0.03367308802 -0.0009523100746 -0.1337619122 0.9904407943 14
1.450048924 14.89637574 -4.24959466 -0.02940368653 0.03359414347 -0.0003979410689 -0.1336868872 0.9904539824 15
1.560039044 16.00401258 -4.57595109 -0.02880096436 0.0335729255 0.0003007652171 -0.1336353771 0.9904616874 16
1.660054922 17.00627385 -4.869032126 -0.03073883057 0.03372608287 0.0005055519975 -0.1335519317 0.9904676559 17
1.760072947 18.00523076 -5.161931252 -0.03369140625 0.03518360517 0.0005973116737 -0.1334942554 0.9904246771 18
1.870064974 19.09885889 -5.483401152 -0.03738403321 0.03461094016 0.00022825582 -0.1334360625 0.9904528499 19
1.970059872 20.08967084 -5.770661918 -0.04333496094 0.03390333464 -0.001270703064 -0.1334111434 0.9904798918 20
2.070091009 21.07466789 -6.056965992 -0.04904937745 0.0346126556 -0.001950540023 -0.1332303237 0.9904785915 21
2.180065870 22.15822891 -6.367379155 -0.04866790772 0.03293088339 -0.0009295201474 -0.1333302868 0.9905239662 22
2.280072928 23.14121315 -6.652356268 -0.04531097412 0.03177484996 0.0002096953299 -0.1334460541 0.9905465489 23
2.380101919 24.12085109 -6.935769781 -0.04770660401 0.03095078914 0.0005661488752 -0.1334252931 0.9905752971 24
2.490053892 25.19791934 -7.24748633 -0.05104827881 0.02998347116 0.001173914826 -0.1335080863 0.9905933597 25
2.590071917 26.1758822 -7.57103633 -0.05844116211 0.02908578374 0.00065165257 -0.1333946447 0.9906358873 26
2.690076828 27.16251476 -7.855436419 -0.04787445069 0.02765010169 -0.0003192256844 -0.1330461367 0.9907240259 27
2.800181866 28.24899329 -8.170063251 -0.03327941895 0.02646145952 -0.0007886591417 -0.1328112757 0.9907877342 28
2.900113821 29.23827987 -8.454399856 -0.02249908448 0.0249965202 0.0005190746664 -0.1325637617 0.9908590988 29
3.000102997 30.24331836 -8.784389939 -0.00383758545 0.02422997862 0.001660330025 -0.1324481324 0.9908923472 30
3.110131979 31.3441235 -9.091609867 0.00354003906 0.02308953585 0.001773133407 -0.1319986446 0.9909793576 31
3.210320950 32.34235558 -9.366272328 0.00930023193 0.02313988249 0.001296628771 -0.1315885412 0.9910334608 32
3.320159912 33.44028457 -9.676187934 0.00747680664 0.02317694544 0.001264140108 -0.1310158568 0.9911085089 33
3.420084000 34.45422729 -9.989017521 0.02469635009 0.02334791308 0.001560262158 -0.1306531483 0.9911519537 34
3.520176888 35.46845239 -10.291578 0.03228759765 0.02336841559 0.001600350573 -0.1303546271 0.9911907118 35
3.630147934 36.58999753 -10.62648918 0.03986358642 0.0230199814 0.00166306003 -0.1305190359 0.9911771264 36
3.730384827 37.60806474 -10.92856639 0.03996276855 0.02263327146 0.002229057365 -0.1311424583 0.9911026294 37
3.830142975 38.62778775 -11.23269809 0.03789520263 0.02248332632 0.002992458208 -0.1320482181 0.9909837604 38
3.940163851 39.74926773 -11.57000625 0.02838134765 0.02204670628 0.003015042558 -0.1332377637 0.99083427 39
4.040139914 40.7625556 -11.87296995 0.00467681884 0.02226443728 0.002439720718 -0.1344951104 0.9906610964 40
4.140152931 41.78419111 -12.1763316 -0.0150680542 0.02317964714 0.001950208123 -0.135647569 0.9904840421 41
4.250291824 42.92142534 -12.51520274 -0.02499389649 0.02370157253 0.002200780814 -0.1369947769 0.990285728 42
4.350216866 43.94084556 -12.85498924 -0.04893493653 0.02451351008 0.002626792203 -0.1382128155 0.9900956547 43
4.450163841 44.96934197 -13.19460505 -0.0659942627 0.02505202911 0.002518942964 -0.1393620313 0.9899213479 44
4.560168982 46.11016539 -13.57543067 -0.07250213623 0.02495631949 0.001919834865 -0.1405546018 0.9897564853 45
4.660189867 47.15406674 -13.91878478 -0.07903289795 0.0261673461 0.001456829869 -0.141502451 0.9895909276 46
4.760207892 48.19854402 -14.26652705 -0.08290863037 0.02629242236 0.001533476178 -0.1421718187 0.9894915517 47
4.870229006 49.3489066 -14.65383594 -0.07778167725 0.0284651947 0.001667102462 -0.1430732715 0.9893012648 48
4.970168829 50.40050971 -15.00082065 -0.06638336182 0.02922616937 0.001094055318 -0.1435064496 0.9892171314 49
5.070231915 51.45511145 -15.3454899 -0.05368804932 0.02928655911 -0.001341434275 -0.1437656257 0.9891774072 50
5.180199862 52.61472434 -15.71374677 -0.05037689209 0.02943677086 -0.003065235343 -0.1441350398 0.9891153478 51
5.280198813 53.6688696 -16.04986621 -0.03855133057 0.02837834243 -0.001923604943 -0.1446553472 0.9890732025 52
5.380210877 54.72344727 -16.38260754 -0.02673339844 0.02790115658 -0.0001057134708 -0.145137768 0.9890179688 53
5.490195990 55.8869378 -16.72904256 -0.01486206055 0.02816926588 0.0001132836512 -0.1451728437 0.9890052199 54
5.590205908 56.94755882 -17.04643116 -0.00396728516 0.0287279214 -0.0002629305378 -0.1450505361 0.9890070674 55
5.700318813 58.11093854 -17.38353993 0.01480102539 0.02976004171 -0.0005523066394 -0.1446810042 0.9890305566 56
5.800335884 59.16789415 -17.70221935 0.02709960937 0.03021037641 -0.0004167581828 -0.1441118992 0.9891000556 57
5.900187016 60.22606124 -18.02254227 0.04548645019 0.03084177686 -0.0001000678583 -0.1433261392 0.9891948203 58
6.000216007 61.28661286 -18.34135445 0.07035827636 0.02997863734 -0.0002969629436 -0.1424600205 0.9893464184 59
6.110245943 62.45115994 -18.70312022 0.09217834472 0.02951623469 -0.0005793506882 -0.1415739167 0.9894873836 60
6.210436821 63.51127207 -19.02833878 0.1150970459 0.02849333826 0.0003544050153 -0.1408827426 0.9896161159 61
6.310294867 64.56998585 -19.35191893 0.1274108887 0.02732505222 0.00148824927 -0.1401240659 0.9897557137 62
6.420284033 65.7455646 -19.69659214 0.1347351074 0.02585053741 0.001552230257 -0.1391579634 0.9899315135 63
6.520248890 66.81487443 -20.01696626 0.1421508789 0.02437099302 0.0007121341663 -0.1381916238 0.9901053594 64
6.620247841 67.88502964 -20.33597503 0.1406097412 0.02341577485 0.0001044924731 -0.137300675 0.9902526017 65
6.730547905 69.0661313 -20.68454312 0.1445617676 0.02243946385 7.663155587e-05 -0.1363483128 0.9904067862 66
6.830286026 70.14161709 -20.99958589 0.1504364014 0.02151283464 -0.0004359875502 -0.1354010513 0.9905571983 67
6.930271864 71.2187664 -21.3104357 0.1500320434 0.02136401044 -0.000823452413 -0.1346543593 0.9906619527 68
7.040284872 72.39877719 -21.64593598 0.1519241333 0.02124230923 -0.0002099260405 -0.1338356117 0.990775832 69
7.140283823 73.47478148 -21.93974269 0.1586074829 0.02111042826 0.0008929383013 -0.1331179139 0.9908749535 70
7.240525961 74.55131014 -22.23545907 0.1599807739 0.02118807405 0.001412870189 -0.1323780492 0.9909718066 71
7.350363016 75.7379205 -22.55613583 0.155670166 0.02096968202 0.001588760466 -0.131515564 0.9910910174 72
7.450309038 76.81917129 -22.85219426 0.1497802734 0.02107206678 0.001446028286 -0.1308691935 0.9911746219 73
7.560276032 78.01170114 -23.17143141 0.1384506225 0.02112995714 0.00203228633 -0.1299978488 0.991287019 74
7.660323858 79.09680367 -23.46780561 0.133102417 0.02172262886 0.003094750593 -0.1292347287 0.9913712397 75
7.760344982 80.18134807 -23.76842317 0.1287307739 0.02279847374 0.00371168846 -0.1283559774 0.9914591247 76
7.870285034 81.37319495 -24.10366639 0.1238174438 0.02347671901 0.00386853426 -0.1273106628 0.9915774671 77
7.970319033 82.46007341 -24.40601771 0.1165237427 0.02378349583 0.003434634818 -0.1263787277 0.9916909628 78
8.070340872 83.54896729 -24.71127966 0.1071777344 0.02333744879 0.002743484387 -0.1255000065 0.9918152979 79
8.180328846 84.7518808 -25.0479575 0.09651947021 0.02324878486 0.002431912357 -0.1245699614 0.9919354336 80
8.280315876 85.84742561 -25.35685321 0.09154510498 0.02277940072 0.00276723404 -0.1239374326 0.9920246742 81
8.380316973 86.94391702 -25.66113239 0.08570861816 0.02229973343 0.002549350371 -0.1236227192 0.9920754235 82
8.490298987 88.14943189 -25.99598877 0.07963562011 0.02269417056 0.00231145705 -0.1235011593 0.992082202 83
8.590298891 89.23957124 -26.29162645 0.06201171875 0.02357974659 0.002664815428 -0.1234194833 0.9920708268 84
8.690337896 90.32821521 -26.58784787 0.04670715332 0.0249644309 0.002827353951 -0.1235181486 0.9920242186 85
8.800361872 91.52207788 -26.91503353 0.02868652343 0.02614051893 0.002817989049 -0.123715799 0.9919693207 86
8.900352001 92.60688608 -27.21324475 0.01545715332 0.02731219492 0.002657873065 -0.1243628673 0.9918572765 87
9.000344992 93.68866776 -27.51126692 0.00190734863 0.02807623013 0.002972648841 -0.1252762283 0.9917200993 88
9.110369921 94.87652731 -27.83916041 -0.01079559327 0.02791607781 0.002384007232 -0.1264662296 0.991575162 89
9.210351944 95.95198701 -28.13958983 -0.0242767334 0.02870578442 0.00143885288 -0.1277248889 0.9913930908 90
9.320400953 97.13211754 -28.47258324 -0.03240966797 0.02884314684 0.0004127038584 -0.1289515373 0.9912312564 91
9.420336962 98.20253441 -28.77718741 -0.03775024414 0.0282795323 -0.001170830808 -0.1302487276 0.9910772756 92
9.520372868 99.27289128 -29.08601925 -0.0375366211 0.02837073606 -0.001677921596 -0.1314443724 0.9909160726 93
9.630401850 100.4472356 -29.42761956 -0.03218078614 0.02833626228 -0.0003287168121 -0.1326445936 0.9907584771 94
9.730536938 101.5120686 -29.73842704 -0.02890014649 0.02786111673 0.001054035577 -0.1336364201 0.9906381551 95
9.830394983 102.5765833 -30.05076435 -0.02896118164 0.02823833856 0.001117694324 -0.1343496436 0.9905309285 96
9.940414906 103.7499543 -30.38421384 -0.0350265503 0.02851895706 0.0007732166914 -0.1347555688 0.9904680752 97
10.040405035 104.8164247 -30.68749845 -0.03862762452 0.02913926432 0.0002605541286 -0.1347283257 0.9904539937 98
10.140393973 105.8885546 -30.98028177 -0.0347366333 0.0289744977 0.0004438281264 -0.1343882412 0.9905049632 99
10.250567913 107.0677168 -31.3106264 -0.03141021729 0.02892717321 0.0006585604986 -0.1340122735 0.9905571642 100
10.350442886 108.1463283 -31.60347994 -0.02354431153 0.02784731141 0.000838646507 -0.1336445821 0.990637648 101
10.450389862 109.223215 -31.90068859 -0.0213546753 0.02742887659 0.0007791381943 -0.1334384783 0.9906771534 102
10.560415983 110.409787 -32.22499657 -0.01760101319 0.02559027373 0.0009347639328 -0.1330702606 0.9907757415 103
10.660423994 111.4848019 -32.52297985 -0.01696014405 0.02475981046 0.0009115689098 -0.1327649091 0.9908378272 104
10.760430813 112.5599988 -32.82414828 -0.01206207276 0.023901638 0.00114116125 -0.1324667396 0.9908985681 105
10.870443821 113.7418893 -33.15133135 0.00974273681 0.0226283118 0.001645786667 -0.1322025447 0.9909630357 106
10.970402956 114.8064572 -33.4427776 0.02474212646 0.02148765437 0.002081473207 -0.1321075312 0.9910002767 107
11.070467949 115.8679907 -33.73036031 0.0405960083 0.02067801584 0.001943358387 -0.1320981432 0.9910190329 108
11.180451870 117.0327193 -34.05159555 0.04815673828 0.01890576135 0.001786019919 -0.1321243235 0.9910512325 109
11.280563831 118.0915909 -34.34064151 0.06265258789 0.01793137771 0.001430886816 -0.132078315 0.99107605 110
11.380568028 119.1479583 -34.62626807 0.07199096679 0.01761889818 0.0009700047796 -0.1320810266 0.9910818513 111
11.490491867 120.306782 -34.93321249 0.08519744873 0.01705553012 0.00160240433 -0.1320882685 0.9910899205 112
11.590427876 121.3560737 -35.216744 0.0934677124 0.01672608922 0.002372468108 -0.1320442549 0.9910998558 113
11.690519810 122.4015679 -35.50088909 0.1001586914 0.01635991166 0.002964941061 -0.1322079349 0.9910825517 114
11.800498963 123.5380306 -35.78863031 0.1009521484 0.01521653795 0.002483272178 -0.1324442062 0.9910705437 115
11.900486946 124.5693663 -36.05834545 0.09929656982 0.01436694031 0.002281994419 -0.1326565734 0.9910553047 116
12.010479927 125.6989006 -36.35283422 0.09994506836 0.01417769058 0.002716519505 -0.1329422855 0.9910186488 117
12.110484839 126.7176133 -36.62655436 0.08757019043 0.01412515362 0.00342060769 -0.1332123767 0.9909809494 118
12.210696936 127.7358286 -36.88647574 0.08465576172 0.01483354225 0.004425356809 -0.133453686 0.9909341532 119
12.320567846 128.8553674 -37.18983747 0.0834274292 0.01641817116 0.005434208099 -0.133572588 0.9908881253 120
12.420482874 129.8789592 -37.43938938 0.08876800537 0.01687417005 0.005127646395 -0.1336910551 0.9908661218 121
12.520498991 130.8946267 -37.70100956 0.08626556396 0.0175079585 0.004075699051 -0.1337041616 0.9908582428 122
12.630584002 132.0092271 -37.98549593 0.08591461181 0.01832363996 0.003692074427 -0.1338235151 0.9908288851 123
12.730684042 133.0191035 -38.25156861 0.08682250976 0.01935208594 0.005057799612 -0.134099807 0.9907659447 124
12.830538035 134.0231719 -38.52114314 0.08194732666 0.01890130081 0.0062404599 -0.1342133301 0.9907525319 125
12.940522909 135.1260139 -38.81736269 0.07772064209 0.02024141596 0.005391218995 -0.1340972742 0.9907467592 126
13.040511847 136.130472 -39.09350344 0.08231353759 0.02052422739 0.005071409938 -0.1339199344 0.9907666163 127
13.140516997 137.1344405 -39.36478901 0.09043884277 0.02072837809 0.005359486904 -0.1340316333 0.9907457451 128
13.250649929 138.2260517 -39.66602887 0.09138488769 0.0212456243 0.006043989452 -0.1341778626 0.9907110552 129
13.350565910 139.2233403 -39.93923834 0.1002807617 0.0212210715 0.006797119492 -0.1343287548 0.9906862525 130
13.450548887 140.2121275 -40.2107032 0.1030960083 0.02176300995 0.006793028827 -0.1345120881 0.9906496476 131
13.560556889 141.2887371 -40.50496066 0.1016082764 0.02299859172 0.006093467968 -0.1347400311 0.9905953051 132
13.660542965 142.2526553 -40.77926368 0.09125518798 0.02424472796 0.004553023189 -0.1350085817 0.9905373017 133
13.760586023 143.2101327 -41.05652642 0.07671356201 0.02483527165 0.002680447365 -0.1352463452 0.9904970725 134
13.870575905 144.25829 -41.36398757 0.06258392334 0.02633462916 0.000746221642 -0.1355200656 0.9904242739 135
13.970546961 145.20843 -41.64317643 0.05611419677 0.02627178752 -0.0002937499256 -0.1356553603 0.9904076586 136
14.080540896 146.2499775 -41.94567518 0.05421447754 0.02615981309 -0.0005044834089 -0.1361665366 0.9903403879 137
14.180598021 147.1917259 -42.21497936 0.05461120605 0.0254210691 0.0005882031545 -0.1364792458 0.9903165346 138
14.280589819 148.1315865 -42.48555234 0.05393218994 0.02491595952 0.002285256714 -0.1371383957 0.9902358472 139
14.390589953 149.1554665 -42.77925543 0.04927062988 0.02313557606 0.002952743373 -0.1378660882 0.9901762309 140
14.490617991 150.080261 -43.04655161 0.04113006591 0.02223893725 0.002583124253 -0.1388296505 0.9900631724 141
14.590569973 150.9945613 -43.31207947 0.03318786621 0.02131699004 0.001595732133 -0.1397112567 0.9899615166 142
14.700690031 151.9891914 -43.6030925 0.02798461914 0.02081030958 0.0008783765278 -0.1408211799 0.9898159196 143
14.800611973 152.8802308 -43.8658022 0.02603149414 0.0203798357 0.0006294069677 -0.1417357111 0.9896945258 144
14.900604010 153.7595833 -44.12660544 0.02693939209 0.02029309921 0.001200963622 -0.1426357435 0.9895664669 145
15.010610819 154.7119486 -44.41264227 0.02924346923 0.02095609716 0.002409504167 -0.1436053374 0.9894101997 146
15.110560894 155.5641461 -44.67050578 0.03037261963 0.02176394901 0.003668934375 -0.1445177639 0.9892560262 147
15.210701943 156.4038019 -44.92515374 0.02933502197 0.02218128961 0.004779526773 -0.1455170509 0.9890955133 148
15.320619822 157.3108034 -45.20377492 0.02561187744 0.0224870656 0.004828973201 -0.1465557538 0.9889349948 149
15.420601845 158.1222685 -45.45189446 0.01096343994 0.02246842877 0.004358139223 -0.1475135398 0.9887951921 150
15.530611992 158.9994788 -45.72157573 -0.00184631348 0.02242295187 0.003599706963 -0.1483911387 0.988667954 151
15.630662918 159.7818782 -45.96344104 -0.01335906983 0.02237749266 0.003041852688 -0.1491127266 0.9885622842 152
15.730860949 160.5502387 -46.20194919 -0.02101135254 0.02181762651 0.00291887552 -0.149839278 0.9884653065 153
15.840636015 161.3775633 -46.46044669 -0.02639007569 0.0215841938 0.003013895533 -0.1506218654 0.9883511991 154
15.940639019 162.1130432 -46.69311093 -0.02900695801 0.02229674867 0.003524941344 -0.1511774697 0.9882488565 155
16.040644884 162.8326413 -46.92243761 -0.03174591065 0.02327825593 0.00402781435 -0.1515387016 0.9881689741 156
16.150653839 163.6046302 -47.16785115 -0.03695678711 0.02324779537 0.004002595146 -0.1520925615 0.9880846988 157
16.250787020 164.288968 -47.3845249 -0.04279327393 0.02300239116 0.003247756026 -0.15259117 0.9880163343 158
16.350625992 164.9534828 -47.59764702 -0.04853057862 0.02304161344 0.002201673876 -0.1529495535 0.9879628894 159
16.460608006 165.6648371 -47.82700895 -0.05375671387 0.0239034619 0.001563771624 -0.1534974386 0.9878586516 160
16.560688019 166.2908868 -48.02856305 -0.05619049073 0.023840523 0.001849912567 -0.1540271415 0.9877772254 161
16.660661936 166.900241 -48.22400911 -0.05696105957 0.02347370154 0.002518565283 -0.1546969948 0.9876798479 162
16.770717859 167.5501572 -48.434583 -0.05676269532 0.02343556812 0.003052709187 -0.1554938908 0.9875541023 163
16.870692969 168.1227128 -48.62145974 -0.0580368042 0.02359905592 0.003142405195 -0.1563163004 0.9874200849 164
16.970731020 168.6803978 -48.80368848 -0.06114196778 0.02322587631 0.00262055729 -0.1573744821 0.9872623581 165
17.080691815 169.2757028 -48.99926141 -0.06546783448 0.02295080539 0.001554764338 -0.1589409847 0.9870200639 166
17.180655956 169.799016 -49.16974937 -0.06842041016 0.02359235213 0.0007602334241 -0.1602955751 0.9867867812 167
17.290760994 170.3618318 -49.35885457 -0.06941223145 0.02411084961 0.0007249500355 -0.1619298267 0.9865074113 168
17.390663862 170.8627719 -49.53326973 -0.06909179688 0.02427967034 0.001080713375 -0.1634311988 0.9862553285 169
17.490689993 171.3554472 -49.70938338 -0.05299377442 0.0235745379 0.001327207444 -0.1649343399 0.9860218776 170
17.600713015 171.8664934 -49.88231532 -0.05331420899 0.023358532 0.001754891284 -0.1665120936 0.9857611384 171
17.700933933 172.3042803 -50.04521979 -0.05471038819 0.02361336851 0.002338763159 -0.1678249243 0.9855311937 172
17.800770998 172.7247793 -50.2134051 -0.05347442627 0.02366280717 0.002405463056 -0.1691565789 0.9853021552 173
17.910782814 173.172069 -50.40914206 -0.04589080811 0.02466977244 0.002290034976 -0.1706579293 0.9850187964 174
18.010722876 173.5817651 -50.57304082 -0.03002166748 0.02506293928 0.003002722087 -0.1715687908 0.9848487106 175
18.110761881 173.978169 -50.72962428 -0.01555633545 0.02398881679 0.002959728575 -0.1722321303 0.9847598032 176
18.220964909 174.3973425 -50.89634506 0.00046539306 0.02270273934 0.002442176999 -0.1728002247 0.9846921873 177
18.310825825 174.7272672 -51.02782208 0.01103973388 0.02218674011 0.002301307536 -0.172702339 0.9847214604 178
18.420805931 175.0747448 -51.16301439 0.01624450683 0.02158236101 0.002615630538 -0.1711691745 0.9850017634 179
18.530784845 175.4222223 -51.2982067 0.02144927978 0.02097705013 0.002928077619 -0.1696352633 0.9852792838 180
18.640764952 175.7696998 -51.43339901 0.02665405273 0.02037081212 0.003238646362 -0.1681006111 0.9855540197 181
18.750744820 176.1171773 -51.56859131 0.03185882568 0.01976365163 0.003547334357 -0.1665652233 0.9858259689 182
18.860723972 176.4646548 -51.70378361 0.03706359863 0.01915557335 0.00385413921 -0.1650291056 0.9860951292 183
18.940750837 176.6741229 -51.78228093 0.04351043701 0.01826192104 0.004702620883 -0.1627787895 0.9864823634 184
19.050767899 176.9458754 -51.88263607 0.04696655273 0.01765958829 0.005013594676 -0.1591694225 0.9870805933 185
19.150779963 177.1754494 -51.96556854 0.0460357666 0.01696168312 0.005140144466 -0.1553050311 0.9877075617 186
19.250949860 177.3895585 -52.04136504 0.04637908935 0.01653419582 0.005161397283 -0.1510706023 0.9883712124 187
19.360803843 177.6066624 -52.11668043 0.04719543457 0.01570015219 0.005081447083 -0.1460146177 0.98914479 188
19.460727930 177.7896347 -52.17760691 0.04563140869 0.0150259146 0.005095741616 -0.1413087849 0.9898384124 189
19.560781002 177.9576001 -52.23310405 0.04516601562 0.01439960258 0.00513931061 -0.136727823 0.9904906569 190
19.670760870 178.1275272 -52.28666414 0.04321289062 0.0137493261 0.005293503628 -0.1317891983 0.9911682713 191
19.770833969 178.2653865 -52.32943558 0.04476165771 0.01298732597 0.005572466382 -0.127291645 0.9917646465 192
19.870810032 178.3979709 -52.36929604 0.04383087158 0.01234571006 0.005031822679 -0.1221582031 0.9924210989 193
19.980788946 178.5413094 -52.41087938 0.04186248779 0.01137692216 0.004021618503 -0.1161377365 0.9931598151 194
20.080804825 178.672066 -52.44714169 0.0396118164 0.01104783905 0.003548524156 -0.1104145291 0.9938178832 195
20.180826903 178.8028336 -52.48318949 0.03800964355 0.01086342699 0.003817519415 -0.1040057535 0.994510038 196
20.290920019 178.9477349 -52.52023115 0.03977203369 0.01066411024 0.004401610041 -0.09699179747 0.9952183146 197
20.390830040 179.0788842 -52.55075144 0.04032135009 0.01015667245 0.004773026772 -0.09060910175 0.9958233031 198
20.490837813 179.2061018 -52.57935014 0.04100036621 0.009750849423 0.005074001488 -0.08378897809 0.9964228935 199
20.600853920 179.354496 -52.61019147 0.05187988281 0.009452455198 0.005369362591 -0.07610493025 0.9970405511 200
20.701015949 179.4892359 -52.64688181 0.07173156738 0.009462229917 0.005198105826 -0.06884183927 0.9975691691 201
20.800897837 179.6312093 -52.66582832 0.08471679687 0.009365539045 0.004617928219 -0.06078348553 0.9980963527 202
20.910840988 179.7960164 -52.7010291 0.1016235351 0.009512388215 0.003475460834 -0.05090009396 0.9986524 203
21.010859013 179.953257 -52.71500435 0.1056289673 0.009593328195 0.002316649597 -0.04100753697 0.9991100956 204
21.110865832 180.1198953 -52.72576083 0.1006317139 0.009734846626 0.001676386891 -0.02993794343 0.9995029475 205
21.220978975 180.3249652 -52.72647705 0.09767913818 0.009880296509 0.001559732739 -0.01645223938 0.9998146182 206
21.320920944 180.5406265 -52.73593822 0.1042633057 0.009881067329 0.001651289305 -0.002863777106 0.9999457168 207
21.420882940 180.7659303 -52.72161644 0.1030502319 0.009545909684 0.001668224695 0.01204995021 0.9998804385 208
21.530903816 181.0353942 -52.71106534 0.1069641113 0.009498072461 0.002011583153 0.02980583792 0.9995085553 209
21.630941868 181.2902256 -52.67557647 0.1067962646 0.009849990376 0.002338418584 0.04687642861 0.998849393 210
21.731003046 181.5605481 -52.63615104 0.1055603027 0.01057980714 0.002747927231 0.06483918906 0.9978358563 211
21.840883017 181.8688254 -52.5708423 0.1056213379 0.011331774 0.002993529421 0.08571572147 0.9962506937 212
21.940925837 182.1593666 -52.50380088 0.1036605835 0.01156102324 0.003004118268 0.1056223394 0.9943345712 213
22.040905953 182.4586607 -52.42364315 0.09963226318 0.01150453213 0.003368197599 0.126213142 0.9919307152 214
22.150928021 182.7933031 -52.31272802 0.08755493164 0.01124257802 0.003898070206 0.1495612681 0.9886808568 215
22.251060009 183.1094453 -52.20107005 0.07684326172 0.01095249665 0.004227869673 0.1712081708 0.9851649254 216
22.350960970 183.4397218 -52.07241254 0.07112121582 0.01022451221 0.004543738684 0.1929730404 0.9811402649 217
22.460935831 183.8112335 -51.91223331 0.06536102295 0.009192590399 0.004637707114 0.2167226719 0.9761789137 218
22.560925961 184.1535678 -51.73466112 0.0595626831 0.008634622564 0.004249422115 0.2379564675 0.9712281428 219
22.660943031 184.5005064 -51.53822824 0.05939483642 0.008741217498 0.004432169191 0.2584703609 0.9659694713 220
22.770956993 184.8928025 -51.30482494 0.06727600097 0.009372588936 0.005582900805 0.2800843007 0.9599134181 221
22.870947838 185.2551384 -51.07341256 0.07129669189 0.01008041611 0.007288228216 0.2990986565 0.9541411115 222
22.970947981 185.6237486 -50.82105827 0.07614898681 0.0104754401 0.008746961913 0.3175857448 0.9481313466 223
23.080940962 186.0320685 -50.51398337 0.08396148681 0.01057957604 0.009924351022 0.3378151716 0.9411006799 224
23.180953026 186.4089484 -50.20848383 0.1034545898 0.01200996892 0.0115034203 0.3566838245 0.9340771281 225
23.281011820 186.7930281 -49.88672831 0.1379623413 0.01230503868 0.0136429465 0.3759151413 0.9264719438 226
23.390959978 187.2060678 -49.50518897 0.1609268188 0.01332377248 0.01577858012 0.3968852596 0.9176358778 227
23.490960837 187.5752316 -49.12396441 0.1795349121 0.01381431292 0.01616662672 0.4153899745 0.9093948395 228
23.591004849 187.9320813 -48.71693941 0.1848144531 0.01300135471 0.01470408356 0.433061664 0.90115057 229
23.701135874 188.3189555 -48.23587165 0.1930770874 0.01321908979 0.01362273855 0.4509611653 0.8923416969 230
23.801020861 188.6639897 -47.76399387 0.1987304688 0.01466477289 0.0128271251 0.4653589023 0.8849076231 231
23.911017895 189.0300975 -47.21164052 0.1937866211 0.0164463166 0.01109839304 0.4796914585 0.8772128869 232
24.011169911 189.3523385 -46.67819191 0.1922073364 0.01692870727 0.009876478326 0.4917917158 0.8704922644 233
24.111002922 189.668042 -46.12744902 0.1998748779 0.01565674834 0.008925718481 0.5030649994 0.8640606484 234
24.221128941 190.0090009 -45.49308545 0.2132644653 0.01593183919 0.008411723772 0.5154743416 0.8567156019 235
24.321038962 190.3156579 -44.89912834 0.2245941162 0.01560924655 0.008798218416 0.5267894641 0.8498069212 236
24.421002865 190.61711 -44.2893322 0.2471618652 0.01521771145 0.009586035297 0.5374858118 0.8430809755 237
24.531023979 190.9336437 -43.60545568 0.2596817017 0.01332972277 0.009367201315 0.547963356 0.8363436701 238
24.631055832 191.2103798 -42.9645444 0.2731704712 0.01128845256 0.00911006672 0.5562642836 0.8308788265 239
24.731125832 191.478027 -42.3098292 0.281211853 0.009802595723 0.008743402822 0.5634932131 0.8260162594 240
24.841007948 191.7673658 -41.57105463 0.2927093506 0.009168874239 0.008186293656 0.5701828936 0.8214258239 241
24.941033840 192.0235855 -40.88536618 0.3010787964 0.008970993677 0.007831843868 0.5751140371 0.8179865694 242
25.051020861 192.299052 -40.11349483 0.3086853027 0.008856396941 0.007300833241 0.5791514756 0.8151391479 243
25.151049853 192.5428202 -39.39440902 0.3112487793 0.008328522866 0.007425997006 0.5820710745 0.8130613473 244
25.251264811 192.7866023 -38.6653768 0.3153381348 0.008165992648 0.008076324859 0.5843500872 0.8114203998 245
25.361081839 193.0577125 -37.85898476 0.3229827881 0.007980644296 0.008527831924 0.586341202 0.8099799876 246
25.461041927 193.3031805 -37.12131077 0.32787323 0.007455631442 0.00965872748 0.5879857644 0.8087792427 247
25.561059952 193.5485466 -36.37872419 0.3349304199 0.007351688416 0.01107931917 0.5896331756 0.8075617126 248
25.671037913 193.816039 -35.55418596 0.3361129761 0.007382989901 0.01183215995 0.5912793726 0.8063462004 249
25.771059036 194.0565837 -34.79482743 0.3385543823 0.008022062453 0.01119741682 0.592436595 0.8054993142 250
25.871034861 194.2957576 -34.0185027 0.3410263061 0.008925295364 0.009216114675 0.5932355886 0.8049266667 251
25.981060982 194.5579059 -33.1482378 0.3521270752 0.01018621179 0.007011852548 0.5935777654 0.8046816211 252
26.081037998 194.7967264 -32.34875228 0.3618621826 0.01109104101 0.005767439408 0.5935803894 0.8046776043 253
26.191114903 195.058047 -31.45876164 0.3802871704 0.01039545851 0.004739610631 0.5934281558 0.8048058738 254
26.291168928 195.3058701 -30.64717196 0.3992996216 0.00966369896 0.004580571464 0.5928759621 0.8052227797 255
26.391113043 195.555988 -29.83533158 0.4158630371 0.008237270618 0.005948680864 0.5921921359 0.8057327316 256
26.501255989 195.834518 -28.9421597 0.4361343384 0.006182111769 0.007117455592 0.5913451823 0.8063634408 257
26.601094008 196.087705 -28.11966875 0.4504318237 0.005068676943 0.007748950171 0.5905700386 0.8069332635 258
26.701265812 196.3471082 -27.29820147 0.4614944458 0.005289257966 0.007640025832 0.5898647664 0.8074485811 259
26.811323881 196.6411002 -26.39190847 0.4591674805 0.006222459565 0.007479911081 0.5891546282 0.8079617293 260
26.911145926 196.9088204 -25.55453078 0.4632949829 0.007219308373 0.0078394962 0.5884306266 0.8084774713 261
27.011117935 197.1806488 -24.71451159 0.4660491943 0.007000430596 0.008032965827 0.5877853574 0.8089467467 262
27.121094942 197.4853852 -23.78676554 0.4713821411 0.007058335744 0.00856057554 0.5868982718 0.8095846559 263
27.221159935 197.7675461 -22.9335943 0.4780502319 0.007160562132 0.008621272158 0.5861992112 0.8100894301 264
27.331110954 198.0845248 -21.99927812 0.479850769 0.007984951797 0.008250298628 0.5852442871 0.8107757381 265
27.431125879 198.3737616 -21.14416653 0.4792556763 0.00820003454 0.007455438436 0.5845230386 0.8113014195 266
27.531143904 198.6662323 -20.2812588 0.4796218872 0.008136355149 0.007359416696 0.5837287782 0.8118745914 267
27.631234884 198.9603913 -19.40485628 0.483795166 0.007494564249 0.0078908768 0.5830545095 0.8123601446 268
27.741250038 199.2887263 -18.43414919 0.489326477 0.006546028337 0.008291304122 0.5822447297 0.8129449419 269
27.841135025 199.5937036 -17.54861364 0.4948501587 0.005855571446 0.007993597346 0.5815159902 0.8134746264 270
27.951148987 199.9302556 -16.5682574 0.4954071045 0.005866670803 0.007377501681 0.5808336485 0.8139677066 271
28.051162958 200.2419575 -15.67566514 0.4995651245 0.005347248481 0.006910372337 0.5802518126 0.8143902551 272
28.151168823 200.5546553 -14.77519413 0.5032196045 0.004444761991 0.007122764176 0.5794295328 0.814979096 273
28.261273861 200.9039684 -13.7809609 0.5081481934 0.00227831815 0.007172644465 0.5784872012 0.8156567418 274
28.361162901 201.2229046 -12.86960779 0.5094680786 0.001110765991 0.007433115292 0.5774541716 0.8163885072 275
28.461189032 201.5469143 -11.95565934 0.5088424683 0.001581091285 0.008223879113 0.5762950227 0.817198822 276
28.571182013 201.9109145 -10.95387037 0.5050430298 0.00169945387 0.008537769844 0.5748400754 0.818219473 277
28.671188831 202.243102 -10.03942713 0.4988327026 0.002343060158 0.009310362369 0.5736125093 0.8190705198 278
28.771222830 202.5823113 -9.120804022 0.4890594482 0.00373701706 0.008867669997 0.5725293539 0.819827749 279
28.881183863 202.9558372 -8.1067712 0.4804534912 0.004037851306 0.007306883178 0.5712407858 0.8207400745 280
28.981202841 203.2969875 -7.183952594 0.4733047485 0.00398163409 0.004063959564 0.5700029609 0.8216229399 281
29.081210852 203.639387 -6.261483937 0.470085144 0.003417659077 0.001528690592 0.56876277 0.8224930967 282
29.191229820 204.0238477 -5.249779947 0.473991394 0.003687390559 0.003018543613 0.5671970366 0.8235683415 283
29.291251898 204.3779097 -4.326617894 0.4870758057 0.001592779489 0.006306281183 0.5659677765 0.8244017042 284
29.401237965 204.7716724 -3.304439838 0.5032043457 0.001526592191 0.01146934547 0.5647037802 0.825212557 285
29.501271010 205.131033 -2.380722868 0.5055236816 0.002138514267 0.01345246895 0.5640197197 0.8256489651 286
29.601274967 205.4896559 -1.464606635 0.4990234375 0.004197282839 0.01347825415 0.5628842523 0.8264151729 287
29.711318016 205.8848271 -0.4586234782 0.4908828735 0.005450364878 0.01181623153 0.5615942512 0.8273104419 288
29.811264038 206.2454252 0.4577538935 0.4867935181 0.004397631935 0.009979316259 0.5604063547 0.8281459966 289
29.911275864 206.6118989 1.37581624 0.4863586426 0.005825304846 0.008909763737 0.5594461356 0.828798349 290
30.021373987 207.0175438 2.385187254 0.4838638306 0.006959506375 0.006784738265 0.5585176888 0.8294356659 291
30.121217013 207.3891933 3.308922314 0.4848327637 0.008440490709 0.004705407646 0.5574984787 0.8301217161 292
30.221424818 207.7630667 4.233043477 0.4907913208 0.00845767711 0.003770778693 0.5565498881 0.830762584 293
30.331272841 208.1762219 5.25138414 0.5054550171 0.007208051052 0.004378408333 0.5552985952 0.8316082874 294
30.431273937 208.5549293 6.178667105 0.5165405273 0.005920458861 0.005042973515 0.5541878363 0.832355308 295
30.541268826 208.9825286 7.209826581 0.548576355 0.006394514732 0.006087693218 0.5530194385 0.8331215702 296
30.641283989 209.3709507 8.129887901 0.5428085327 0.006592720272 0.006470907195 0.5520201108 0.8337796236 297
30.741423845 209.7663887 9.058814088 0.554359436 0.007086083771 0.007471463759 0.5510064277 0.834437464 298
30.851289034 210.2043144 10.08736799 0.5525894165 0.006654207948 0.008272033801 0.5498893172 0.8351700628 299
30.951279879 210.6048056 11.02912767 0.5515289307 0.006359024016 0.008764975072 0.5487755397 0.8358996022 300
31.051285982 211.0088461 11.97096966 0.5424346924 0.005766131994 0.008456393972 0.5477134318 0.8366033934 301
31.161303997 211.4561555 13.00600815 0.533416748 0.005459620571 0.008228735317 0.5464637392 0.8374245412 302
31.261390925 211.8648736 13.9522328 0.5213317871 0.004722769331 0.007717741926 0.5453681168 0.8381478086 303
31.361325979 212.2738374 14.89348997 0.5252075195 0.004364167317 0.007320355583 0.5442210213 0.8388985912 304
31.471323967 212.7273654 15.92745255 0.5294189453 0.00429141197 0.006847349136 0.5429961755 0.839696285 305
31.571322918 213.143792 16.86589967 0.5353317261 0.004356799621 0.006570047162 0.5418509352 0.8404376341 306
31.671303034 213.5627528 17.8004669 0.5515213013 0.004840387062 0.006806097479 0.5408014763 0.8411087985 307
31.781360865 214.019392 18.82606844 0.5683364868 0.005082327111 0.007324117398 0.5397625475 0.8417701109 308
31.881325960 214.4364449 19.75707911 0.580833435 0.005776949502 0.007957664367 0.5388697937 0.8423316733 309
31.981303930 214.8541132 20.68496028 0.5902404785 0.006256572841 0.008509657861 0.5379666014 0.8428999803 310
32.091341019 215.3183246 21.69890026 0.5946121216 0.00608416844 0.009341430825 0.5369953452 0.843511541 311
32.191380978 215.7414965 22.61801254 0.5970153809 0.005784916634 0.009544543928 0.5361128814 0.8440725175 312
32.301502943 216.2053893 23.62516692 0.5905761719 0.005892475764 0.009297474553 0.5351628326 0.8446772036 313
32.401454926 216.6273595 24.5381922 0.5746612549 0.006076697807 0.008734215644 0.5342284996 0.8452731496 314
32.501368046 217.0493014 25.44546205 0.5647735596 0.005073895779 0.007612039402 0.5332972622 0.8458784443 315
32.611342907 217.5136767 26.44088482 0.5583190918 0.004598397137 0.006899934368 0.5323222049 0.8465012202 316
32.711432934 217.9369843 27.3389113 0.554649353 0.004248910733 0.006197946608 0.5315045794 0.8470220861 317
32.811472893 218.3586501 28.23597612 0.5497665405 0.003857041193 0.005967385261 0.530518803 0.847643388 318
32.921376944 218.8243742 29.21893866 0.5513076782 0.00331176224 0.006726414231 0.5295431672 0.848249858 319
33.021397829 219.2493937 30.10517635 0.5525970459 0.003617607141 0.00798516861 0.5286380134 0.8488020975 320
33.121354818 219.6742106 30.98599044 0.5460281372 0.004207416373 0.008479541236 0.5277701934 0.8493344559 321
33.231554985 220.1418908 31.947753 0.5393218994 0.004868107789 0.008765570996 0.5268661478 0.8498891272 322
33.331382990 220.5645786 32.82095286 0.5286941528 0.004988007192 0.008793992683 0.5260969571 0.8503644967 323
33.431430817 220.9868489 33.68778268 0.5222244263 0.004752488684 0.008855781477 0.5252132281 0.850911308 324
33.541368008 221.4502338 34.63750643 0.5135574341 0.003685776343 0.008516354587 0.5242641024 0.8515051601 325
33.641456843 221.8719947 35.49547454 0.5128250122 0.002884568802 0.008436371437 0.5233961033 0.8520428545 326
33.741477966 222.2935561 36.34917256 0.5103683472 0.002255721059 0.008201751378 0.522541769 0.8525712537 327
33.851397991 222.7574256 37.28516496 0.5045013428 0.002075192776 0.00871627646 0.5214624554 0.8532271841 328
33.951419830 223.180296 38.12844601 0.4955673218 0.001623574255 0.009055387045 0.5204645084 0.8538337423 329
34.061401844 223.6469351 39.05038665 0.4850311279 0.002003068659 0.01012036799 0.5193313285 0.8545107004 330
34.161432982 224.0722435 39.88190675 0.4755783081 0.00237839279 0.01050643224 0.5184103895 0.8550641065 331
34.261584997 224.496506 40.71048679 0.4627685547 0.003480364229 0.01058581137 0.5173481347 0.8557024805 332
34.371431828 224.9632255 41.61682498 0.4481124878 0.004516657944 0.01043035608 0.5159383183 0.856550325 333
34.471446991 225.3863276 42.43841903 0.4337921142 0.004455870215 0.009385735832 0.5142689281 0.8575660457 334
34.571401835 225.8129783 43.25298299 0.4247436523 0.004950521663 0.009764182082 0.512146262 0.8588284808 335
34.681432009 226.2857545 44.14139134 0.4153747559 0.005685387544 0.01017367073 0.5098646253 0.8601757011 336
34.781483889 226.7150475 44.94387651 0.4090423584 0.006027498212 0.009822085194 0.5076362566 0.8614944149 337
34.881453991 227.1463155 45.73951937 0.4029388428 0.007263422801 0.009116877504 0.5055361369 0.8627266888 338
34.991451979 227.6218393 46.60820814 0.3990097046 0.006858005692 0.008792567936 0.5030947878 0.8641592984 339
35.091445923 228.0565847 47.38999441 0.3995895386 0.006802039216 0.009936362063 0.5008675141 0.8654401969 340
35.191531897 228.4936211 48.16677159 0.400718689 0.006371567797 0.01100596381 0.4989623941 0.8665303233 341
35.301642895 228.9730606 49.01544444 0.3955612183 0.006596021431 0.01192103967 0.4969423478 0.8676766012 342
35.401510000 229.4082952 49.78583706 0.3877944946 0.007310294855 0.01210756842 0.4954158193 0.8685408064 343
35.511489868 229.8901351 50.61938314 0.3818664551 0.008718094309 0.01176852214 0.4937552569 0.869477569 344
35.611454010 230.3276389 51.3715281 0.3758163452 0.009448754495 0.01056912283 0.492549872 0.8701687413 345
35.711572886 230.7623727 52.11513366 0.3692932129 0.0098916544 0.009530307111 0.4915312515 0.8707516048 346
35.821480990 231.2356776 52.92531713 0.3610992432 0.009552630417 0.009107246586 0.4906687369 0.8712462315 347
35.921489000 231.6633554 53.64881851 0.3551864624 0.00840023938 0.009122021522 0.4899620413 0.8716555643 348
36.021529913 232.0872719 54.36348603 0.354598999 0.007768597328 0.009719713023 0.4892427778 0.8720588744 349
36.131512880 232.5493247 55.13516526 0.3546447754 0.007151614952 0.009829464886 0.4886206844 0.8724116361 350
36.231657028 232.9634471 55.82432942 0.3520965576 0.007166755893 0.01021036391 0.4880675443 0.8727167113 351
36.331466913 233.3721854 56.50409063 0.3439712524 0.007748101467 0.01045550747 0.4879659397 0.8727656564 352
36.441498041 233.8156047 57.23398674 0.3405303955 0.008421121428 0.01085551356 0.4882475274 0.8725970402 353
36.541507960 234.2087616 57.88281768 0.3322143555 0.008735122202 0.01150576668 0.4887412006 0.8723092077 354
36.641527891 234.5941376 58.51711044 0.3261566162 0.009373980874 0.01150387733 0.4893111456 0.8719830228 355
36.751617909 235.0055673 59.20249947 0.3177337646 0.009432383405 0.01120710896 0.4897986206 0.8717125341 356
36.851526022 235.3721556 59.81735835 0.3095245361 0.009204221807 0.01077533101 0.4902532226 0.8714648313 357
36.951532841 235.7331426 60.42257047 0.3031387329 0.009003079512 0.01037698035 0.4908609773 0.8711295907 358
37.061547041 236.1227882 61.07610275 0.2975234985 0.00904052864 0.01020409378 0.4915044696 0.8707683399 359
37.161543846 236.4703398 61.6590208 0.2936553955 0.009117768682 0.009878891977 0.4922784776 0.8703339441 360
37.271685839 236.8455206 62.28602182 0.2863235474 0.0101398162 0.009525837362 0.4935335261 0.8696154904 361
37.371534825 237.1764077 62.84534145 0.2769470215 0.01133661289 0.009354135128 0.4952079818 0.868650123 362
37.471580982 237.4993066 63.39534504 0.2669830322 0.01166315926 0.009881333472 0.4969495502 0.8676447859 363
37.581568003 237.844683 63.99021418 0.2619400024 0.01127254249 0.01045954042 0.4987027738 0.8666366431 364
37.681571007 238.1533969 64.52370577 0.2569885254 0.01037947402 0.01082869893 0.5002304513 0.8657623816 365
37.781626940 238.4526065 65.04777267 0.252204895 0.01026329387 0.01205751718 0.5017006379 0.8648963817 366
37.891556025 238.7723068 65.61242462 0.2360687256 0.01139663131 0.01254655803 0.5032308416 0.8639857758 367
37.991575003 239.0543024 66.11345422 0.2245559692 0.011487051 0.01276639041 0.5044919775 0.8632455685 368
38.091603041 239.3257592 66.60323178 0.2163162231 0.01105379264 0.01259824192 0.5057143989 0.862538141 369
38.201649904 239.6130189 67.12685237 0.2102432251 0.01062606215 0.0125129972 0.5070146495 0.8617810957 370
38.301692009 239.8651006 67.58984767 0.2036972046 0.01066092642 0.01274999502 0.5082814331 0.8610306424 371
38.401634932 240.1066477 68.0394186 0.1957168579 0.0105755003 0.01284604792 0.5095266236 0.8602939949 372
38.511611939 240.3616642 68.51427009 0.1903533935 0.01070690644 0.01298757298 0.5105452202 0.8596861423 373
38.611606836 240.5829131 68.92996037 0.1847763061 0.01042544717 0.01305659755 0.5112370223 0.8592773372 374
38.711866856 240.7939599 69.32697872 0.1811981201 0.01001199607 0.0127050714 0.5114894476 0.8591372917 375
38.821590901 241.0122731 69.74706968 0.170715332 0.00934043002 0.01200485488 0.5111019346 0.8593855085 376
38.921597004 241.201819 70.10696769 0.1642456055 0.009031633323 0.01135738509 0.5102790427 0.8598864681 377
39.031666994 241.4007194 70.48147458 0.1576004028 0.009644003935 0.01117772694 0.5087397184 0.8607937909 378
39.131661892 241.5744212 70.79904586 0.1533432007 0.01066389256 0.01136663738 0.5072183563 0.8616766331 379
39.231773853 241.7400635 71.09812632 0.1492233276 0.01176487614 0.01198207121 0.5054948465 0.862666203 380
39.341639996 241.9080632 71.40881032 0.1386871338 0.01165582274 0.01247695686 0.5035949848 0.8637711263 381
39.441578865 242.0511703 71.67176794 0.1325302124 0.01100529505 0.01273594032 0.5020145765 0.8646953477 382
39.541635990 242.1853477 71.91598625 0.126335144 0.01064402811 0.01306526827 0.5007056653 0.8654535459 383
39.651654959 242.3251384 72.16097369 0.123954773 0.01169086621 0.01365922435 0.4992793665 0.8662545027 384
39.751709938 242.4419028 72.36759971 0.1169281006 0.01242905102 0.01418895558 0.498019916 0.8669604117 385
39.851670981 242.5486606 72.55791378 0.110534668 0.01211509129 0.01451480966 0.4971337405 0.8674679181 386
39.961642027 242.6553839 72.75179135 0.1022186279 0.01136506003 0.0141621363 0.4960637057 0.8680962327 387
40.061730862 242.7454382 72.91332451 0.09614562988 0.01030827743 0.01396318799 0.4951220381 0.8686500654 388
40.161705017 242.8282556 73.06073728 0.09146881103 0.009643131569 0.01355663114 0.4943653752 0.8690949911 389
40.271767855 242.9153016 73.19755241 0.07945251464 0.01067395476 0.01302997977 0.4935108823 0.8695765034 390
40.371721029 242.9836604 73.30781516 0.068359375 0.01217574348 0.01323365864 0.4928313223 0.8699390262 391
40.481669903 243.0497247 73.41519279 0.05548858642 0.01275451019 0.01380141223 0.4922699664 0.8702396932 392
40.581712961 243.102103 73.50527906 0.04618072509 0.01196701049 0.01376084996 0.4917661456 0.8705363219 393
40.681685925 243.1485368 73.58496106 0.03462982177 0.01156960517 0.01310300568 0.4912879796 0.8708217823 394
40.791731835 243.1967073 73.66526299 0.02086639404 0.01208996012 0.01250342154 0.4907760885 0.8711121216 395
40.891682863 243.2363843 73.73057901 0.00707244873 0.01257159732 0.01238916109 0.4903929784 0.8713226672 396
40.991734028 243.2732843 73.79134301 -0.0022354126 0.0127340547 0.01232324736 0.4900562114 0.8715106947 397
41.101778031 243.3094539 73.85097877 -0.01276397705 0.01288727419 0.01196978617 0.4896935565 0.8717171921 398
41.201794863 243.3393185 73.89890768 -0.02043151856 0.01316569105 0.01188157716 0.4893520762 0.8719059802 399
41.301911831 243.3680547 73.93875491 -0.02783203125 0.01326963043 0.01197409768 0.4891406143 0.8720217872 400
41.411720991 243.4015042 73.9676427 -0.03144836426 0.01316727104 0.01199741899 0.4891115567 0.8720393168 401
41.511735916 243.4247599 73.98569786 -0.03401184082 0.01299325525 0.01197813946 0.4890525719 0.8720752728 402
41.611713886 243.4430976 73.9861664 -0.03727722168 0.01309123071 0.01217819783 0.4890778504 0.8720568602 403
41.721923828 243.4555005 73.98307792 -0.03982543946 0.01337572993 0.01240103881 0.4891318166 0.872019134 404
41.821713925 243.4595177 73.9684322 -0.04710388184 0.01344609145 0.01250316612 0.4892594313 0.8719449996 405
41.931748867 243.457246 73.94854715 -0.05267333985 0.01340289222 0.01220591026 0.4893086087 0.8719222808 406
42.031781912 243.4566686 73.92935085 -0.05895996094 0.01347640717 0.01141767656 0.4894010826 0.8718799249 407
42.131778002 243.4582616 73.91655328 -0.06372070313 0.01385789463 0.01073190073 0.4894463918 0.8718572215 408
42.241999865 243.4600913 73.90127225 -0.06992340088 0.01394190004 0.01082929842 0.4894600655 0.8718470015 409
42.341732979 243.4600782 73.88867951 -0.07683563233 0.01401694039 0.01106081868 0.489513357 0.8718129714 410
42.441741943 243.4603261 73.87691144 -0.08291625977 0.01411106097 0.01087479797 0.4895260886 0.8718066445 411
42.551791906 243.4609314 73.86647097 -0.09017944336 0.01396598582 0.01097978387 0.4895538541 0.8717920736 412
42.651787996 243.461471 73.86282777 -0.09755706787 0.01387196344 0.01102278703 0.4895304608 0.8718061681 413
42.751843929 243.4573903 73.87210749 -0.1017990112 0.01394515399 0.01094178437 0.4894831284 0.8718325969 414
42.861775875 243.4532299 73.88479107 -0.1006774902 0.01381373264 0.01103213617 0.4894387912 0.8718584417 415
42.961781025 243.4505988 73.90499505 -0.09667205811 0.01373921165 0.0110927531 0.4893801362 0.8718917749 416
43.061800003 243.4503564 73.91772404 -0.09286499024 0.01371000417 0.01105221316 0.4893277857 0.871922131 417
43.171808958 243.450382 73.93366354 -0.08816528321 0.01364699488 0.01114734415 0.489291538 0.8719422498 418
43.271986008 243.4494238 73.94243285 -0.08666229248 0.01363583138 0.01119905367 0.4892687173 0.8719545674 419
43.381812811 243.4475525 73.9621194 -0.07901763916 0.01352547192 0.01122048296 0.4892030516 0.8719928535 420
43.481839895 243.4463484 73.97179108 -0.0750579834 0.01346504297 0.01121173392 0.4892002737 0.8719954598 421
43.581821919 243.4450949 73.98011144 -0.07106781006 0.0134916389 0.01122875943 0.489191603 0.8719996939 422
43.681833029 243.4445673 73.99748997 -0.0602722168 0.01340474023 0.01130630601 0.4891478932 0.8720245518 423
43.791859865 243.4434084 74.00704421 -0.0542678833 0.01338691433 0.01129320419 0.4891377191 0.8720307024 424
43.891831875 243.4419255 74.02023986 -0.04780578614 0.01331220538 0.01135911152 0.4891134128 0.8720446234 425
44.001988888 243.4403732 74.02935338 -0.04261779786 0.013307828 0.01137702314 0.4891265814 0.8720370705 426
44.101999045 243.4371626 74.04611987 -0.03623199463 0.01326955135 0.01140013215 0.4891458118 0.8720265654 427
44.201992035 243.435507 74.05685467 -0.03148651123 0.01323452039 0.01138194679 0.4891349004 0.8720334557 428
44.311930895 243.4341281 74.0681189 -0.02674102784 0.01319212285 0.01141664144 0.489134717 0.8720337475 429
44.411867857 243.4329521 74.07536579 -0.02377319336 0.0131785594 0.01145431105 0.4891082522 0.8720483025 430
44.511857987 243.4318515 74.0812825 -0.02095031739 0.01318163208 0.01145509852 0.4890920932 0.8720573087 431
44.621865988 243.4319047 74.08583275 -0.01891326905 0.01316901601 0.01145536159 0.4890615804 0.8720746082 432
44.722012043 243.4322572 74.08974412 -0.01725006104 0.01316886941 0.01147226356 0.4890263472 0.8720941461 433
44.821884871 243.4315371 74.09489338 -0.01683807373 0.01317659047 0.01146793171 0.4889980689 0.872109943 434
44.931869030 243.4306225 74.09760305 -0.01830291748 0.0131703931 0.01146265897 0.4889946972 0.8721119964 435
45.031884909 243.4297079 74.10081455 -0.0219039917 0.01317522791 0.01147359448 0.4889778931 0.8721212015 436
45.131871939 243.4281311 74.10217767 -0.02529144287 0.01314269298 0.01143351491 0.4889761426 0.8721232002 437
45.242024899 243.4252026 74.1027542 -0.02987670899 0.01313357734 0.01145168157 0.488991497 0.8721144902 438
45.341900826 243.4249305 74.10216008 -0.03126525879 0.0131650505 0.01146258322 0.4889205566 0.8721536447 439
45.441895008 243.4247824 74.10196906 -0.03345489502 0.01316273176 0.01148201362 0.4889245315 0.8721511958 440
45.551862002 243.4242789 74.09918191 -0.03829956055 0.01320297675 0.01145042109 0.4888871436 0.8721719613 441
45.651852846 243.4235013 74.09798154 -0.04113769532 0.01320998566 0.01143833067 0.4888376455 0.8721997576 442
45.761899948 243.4226208 74.09345857 -0.04600524903 0.01323738036 0.01146105594 0.4888336476 0.8722012846 443
45.861836910 243.4208953 74.09299558 -0.04679107666 0.01324788111 0.01144231813 0.4888348784 0.8722006814 444
45.961839914 243.4190071 74.09196653 -0.0477142334 0.01325202112 0.01145240594 0.4888233257 0.8722069609 445
46.071877003 243.4182697 74.08948363 -0.05041503907 0.01327881619 0.011426252 0.4888024286 0.8722186077 446
46.171860933 243.4173514 74.08725409 -0.0526046753 0.01328422712 0.01144450315 0.488765407 0.8722390324 447
