time_stamp linear_x linear_y linear_z angular_x angular_y angular_z
0.000000000 10.6957508 0.08289371557 -0.07501540401 0.01666238705 -0.03697614751 0.0006042210418 1
0.109994888 10.70961097 0.06861296452 -0.03681952603 0.002733659688 -0.01275961076 0.001955741501 2
0.210042954 10.72588503 0.03914172691 0.01878273767 -0.02679077307 0.0227197086 0.0004591075734 3
0.310052872 10.72617899 0.05017373347 0.005619600186 -0.00423391292 0.03577466411 0.002543051912 4
0.419983864 10.71737182 0.06298043582 -0.02906547974 -0.005121682713 0.02214568594 0.003911769701 5
0.520004034 10.70239022 0.0678925735 -0.0556056603 0.002985393732 0.007765275617 0.002139764523 6
0.630076885 10.68294761 0.07291380229 -0.0706141337 0.005965964961 -0.007184602243 0.00194902478 7
0.730154038 10.66381779 0.06775333211 -0.07500598093 -0.0001423531429 -0.01039410171 0.001624181758 8
0.830022812 10.6399913 0.06179595971 -0.06091182071 -0.005402478138 -0.007265492433 0.001553761886 9
0.940022946 10.62218907 0.05566915507 -0.04708533595 -0.009484164223 -0.003984669497 0.002199860624 10
1.040035010 10.59799975 0.05700390769 -0.03522707234 -0.006458862631 0.006928431158 0.001864170168 11
1.139995814 10.57055795 0.0623788426 -0.03088271033 2.806188777e-05 0.004851472368 0.0005611699246 12
1.250138998 10.53435877 0.05965846162 -0.04788432556 -0.00802926872 -0.004169612002 0.0002136812157 13
1.350070000 10.5059178 0.07182124079 -0.05095636999 0.006223574293 -0.005317887034 0.000517397034 14
1.450048924 10.48086262 0.07588796932 -0.03643007459 -0.001788753415 0.009240775143 0.002123354795 15
1.560039044 10.44627194 0.07488743648 -0.03627127968 -0.003480268263 0.01068167117 0.002670428222 16
1.660054922 10.41229741 0.08400903704 -0.04734547225 0.003080101796 0.004493496964 0.001750132352 17
1.760072947 10.37982617 0.09870970398 -0.05664344603 0.02467601364 0.003725689999 0.001491052183 18
1.870064974 10.32990078 0.08702927943 -0.06245172396 -0.006994528412 -0.008598198094 0.002021873018 19
1.970059872 10.28362326 0.08714481255 -0.08159716881 -0.004406465539 -0.03072841979 0.0008170860862 20
2.070091009 10.24332482 0.09923871666 -0.07098492843 0.008559198008 -0.008660159434 0.003308925923 21
2.180065870 10.22556043 0.07378144528 -0.02033290621 -0.02922729645 0.01477526854 -0.001479254652 22
2.280072928 10.21485522 0.06856850558 -0.02922996687 -0.02702860746 0.01572067252 -0.001759172541 23
2.380101919 10.20590239 0.07870940749 -0.06121383098 -0.01841846503 0.006681758655 0.0005815622359 24
2.490053892 10.20369384 0.07683133333 -0.07316505066 -0.02193654677 0.007936820075 -0.0003148859935 25
2.590071917 10.20572963 0.08498955265 -0.0855697058 -0.01752118651 -0.01270542632 0.002641044972 26
2.690076828 10.21686036 0.0863589875 -0.1001329299 -0.02544910226 -0.02352060974 0.00625443876 27
2.800181866 10.24700084 0.08361423587 -0.08622934411 -0.01851815371 -0.0102866249 0.005071149629 28
2.900113821 10.27701379 0.08195282797 -0.05349592331 -0.02976710207 0.01621747784 0.006564018991 29
3.000102997 10.30291817 0.086856649 -0.05175931225 -0.02041229954 0.01644728297 0.005608593623 30
3.110131979 10.32799772 0.0980814768 -0.08322413007 -0.01919863482 -0.001817579355 0.008318080841 31
3.210320950 10.35343293 0.1089339892 -0.09414759612 -0.00149045993 -0.006833354358 0.008325659954 32
3.320159912 10.38931598 0.1190400322 -0.08262818694 0.002186373886 -1.253375472e-05 0.009594757091 33
3.420084000 10.42341908 0.1231844432 -0.07181631285 5.44764159e-05 0.004311299436 0.009270313991 34
3.520176888 10.46098274 0.1253562414 -0.07495753718 0.002383432206 0.001033705356 0.006682121583 35
3.630147934 10.50682991 0.1220484194 -0.0865722397 -0.007021137492 -0.0004157329519 -0.001407806336 36
3.730384827 10.55657843 0.1133515912 -0.08080579626 -0.008204002829 0.01058898465 -0.01064592085 37
3.830142975 10.60136904 0.1179868636 -0.08439493281 -0.0069105281 0.01349476452 -0.0164301551 38
3.940163851 10.64750829 0.1167104153 -0.09885116052 -0.00664839059 0.0004580097174 -0.02071561361 39
4.040139914 10.69034834 0.1262831705 -0.1211970892 0.006404279708 -0.008847212284 -0.02410847662 40
4.140152931 10.73366694 0.141356699 -0.1141333506 0.01345398294 -0.004795616312 -0.02235997034 41
4.250291824 10.79017738 0.1399239773 -0.09983175593 0.01222866804 0.005199148538 -0.02405592906 42
4.350216866 10.83493389 0.1479587229 -0.09787334952 0.01216394161 0.00976565361 -0.02224574803 43
4.450163841 10.87940015 0.1521180596 -0.1099694336 0.009038465092 -4.426305806e-05 -0.02216571518 44
4.560168982 10.92491839 0.1520255453 -0.1261391495 0.001389758934 -0.009306589923 -0.02040704993 45
4.660189867 10.969258 0.1662552315 -0.1168100515 0.02222492473 -0.005304604689 -0.01849204989 46
4.760207892 11.00647708 0.1723729864 -0.09833566167 0.008092541724 0.003288248974 -0.01331739146 47
4.870229006 11.0339127 0.1913298356 -0.08706331244 0.03334067446 0.00593307164 -0.01308680864 48
4.970168829 11.03748558 0.1974057914 -0.08751893996 0.01639076882 -0.01005238591 -0.009038103644 49
5.070231915 11.03436308 0.1970296889 -0.1141604352 0.009765474735 -0.0437557003 -0.005881580679 50
5.180199862 11.04516831 0.1897368532 -0.07859593669 0.006083037509 -0.02718987048 -0.006966998079 51
5.280198813 11.05715166 0.1697035372 -0.004333203106 -0.0202549199 0.01542225149 -0.007984527231 52
5.380210877 11.05615063 0.1692408553 0.003541422134 -0.01215321731 0.0283238889 -0.008074781732 53
5.490195990 11.04219008 0.1918045543 -0.03379669205 0.003053916653 0.006851825003 -0.0009873478525 54
5.590205908 11.03295153 0.2031540625 -0.04722500283 0.01219715334 -0.003603824422 0.002172624594 55
5.700318813 11.02845443 0.2104841966 -0.04033072116 0.01795779574 -0.0007141951503 0.005997068833 56
5.800335884 11.02639901 0.2088328224 -0.03137331258 0.01164038026 0.003616315834 0.01036958724 57
5.900187016 11.02352567 0.2093417783 -0.03177560859 0.01038550849 0.005586076552 0.0153847616 58
6.000216007 11.02010371 0.1992590399 -0.04012059819 -0.008595737016 -0.003303046449 0.01648808063 59
6.110245943 11.02516139 0.1932375483 -0.04820813031 -0.008449193693 -0.004307964432 0.01695502298 60
6.210436821 11.03803637 0.1857667086 -0.02986965926 -0.01929445913 0.01389788564 0.01555398316 61
6.310294867 11.04667789 0.1786653405 -0.03333949379 -0.02699523892 0.01705774127 0.01695652819 62
6.420284033 11.05219551 0.1747101746 -0.06081432617 -0.0258569986 -0.003673432729 0.01746972619 63
6.520248890 11.06069166 0.1755494448 -0.07709369245 -0.02639786845 -0.01856508061 0.0191303506 64
6.620247841 11.07700762 0.1759414684 -0.06620913439 -0.01923277435 -0.01655509868 0.01861312371 65
6.730547905 11.09395472 0.1785897773 -0.03340852173 -0.01639069477 -0.006088432744 0.01794217688 66
6.830286026 11.10617602 0.1820038974 -0.02740609307 -0.01639565556 -0.01397480164 0.01944008733 67
6.930271864 11.12444943 0.1866848405 -0.01617193588 -0.002435855537 -0.01002945449 0.01632925463 68
7.040284872 11.14688166 0.1880449473 0.002625430017 -0.002588449364 0.008778402235 0.01557108524 69
7.140283823 11.16453502 0.1863344123 0.007748522405 -0.005781892477 0.01996654906 0.01560203336 70
7.240525961 11.17978666 0.1894856104 -0.01367007131 0.001779659253 0.01141328656 0.0149699266 71
7.350363016 11.19535616 0.1853208458 -0.03920852979 -0.005784381742 0.005506670318 0.01544365546 72
7.450309038 11.21567494 0.1812724948 -0.04674264988 0.003143955259 0.001911662767 0.01268165413 73
7.560276032 11.24283271 0.1822890298 -0.04262737321 -0.0003413823056 0.01134817243 0.0155775998 74
7.660323858 11.26671249 0.1853529695 -0.03953711009 0.006985346572 0.02157032746 0.01676534737 75
7.760344982 11.28793362 0.1964195246 -0.06279684527 0.02170461502 0.01522248814 0.01800755093 76
7.870285034 11.30864626 0.1987321985 -0.0912204378 0.01278474618 0.006335859843 0.01955413442 77
7.970319033 11.328162 0.1921155493 -0.1040051437 0.008828106535 -0.005667249449 0.01922832565 78
8.070340872 11.34937499 0.1841390985 -0.1113332784 -0.002574948164 -0.01255515029 0.01826094316 79
8.180328846 11.37765371 0.1814123389 -0.0951526631 -0.005944176568 -0.004760661273 0.01768938977 80
8.280315876 11.39222193 0.1759598735 -0.07085311984 -0.008477040563 0.003459642043 0.01394062737 81
8.380316973 11.38871919 0.1737808277 -0.07572446944 -0.01002058099 -0.004542577163 0.008879143656 82
8.490298987 11.38443861 0.1799303694 -0.06559105147 0.00620951268 -0.001138751009 0.00332336423 83
8.590298891 11.37457482 0.1889331723 -0.04752402193 0.01503421727 0.009443464003 0.002240783489 84
8.690337896 11.35548133 0.1987869363 -0.04896765955 0.02467312291 0.00443924615 -0.001616325975 85
8.800361872 11.32144566 0.2000444672 -0.06068244043 0.02163325451 0.003983359108 -0.003239046077 86
8.900352001 11.30132201 0.1990942859 -0.06576802098 0.0226500189 0.00324590139 -0.01092923999 87
9.000344992 11.27828331 0.189661844 -0.0597943422 0.01431596843 0.008140039446 -0.01706663406 88
9.110369921 11.24346102 0.1784091758 -0.07283894239 0.001557757649 -0.008924465937 -0.0202301407 89
9.210351944 11.2101729 0.1833267834 -0.0797731154 0.01534009647 -0.01653523332 -0.02481321772 90
9.320400953 11.16823763 0.1818270376 -0.06423967589 0.003497999838 -0.01866456905 -0.02287896008 91
9.420336962 11.13545673 0.1737267207 -0.05339511618 -0.003474789274 -0.02966687633 -0.02520344352 92
9.520372868 11.10840528 0.1775610447 -0.0222718284 0.0002075449247 -0.010461849 -0.02461776086 93
9.630401850 11.08352589 0.1756141419 0.01730710789 -0.00430469808 0.02239191106 -0.02078831545 94
9.730536938 11.06741638 0.1726483449 0.001629219995 -0.01331746967 0.02420224892 -0.01780131982 95
9.830394983 11.06200701 0.1851527855 -0.03523186395 0.006537590503 0.003897651692 -0.01330548739 96
9.940414906 11.06053668 0.1928117058 -0.0608585375 0.005260548693 -0.004366136853 -0.008276278633 97
10.040405035 11.07026071 0.1967266473 -0.06475782221 0.01332431401 -0.008330760653 -0.001191370088 98
10.140393973 11.08126881 0.1983632611 -0.05901319454 -0.000427785353 0.000419913178 0.005194857908 99
10.250567913 11.09569702 0.1904444947 -0.05828207484 -0.003962566186 0.001751461302 0.00691061036 100
10.350442886 11.10868421 0.1779526676 -0.06150662885 -0.01742436419 0.0003716617103 0.007053465052 101
10.450389862 11.12451683 0.1717372129 -0.06991070555 -0.01312710674 -0.001398282107 0.005350394608 102
10.560415983 11.13348134 0.1585648248 -0.05935587424 -0.02693218702 -0.00111428631 0.006185757949 103
10.660423994 11.1288397 0.1605664111 -0.06094100858 -0.0168429591 -0.002330676424 0.006998085082 104
10.760430813 11.12144149 0.1601333106 -0.05114855443 -0.01929789291 0.005523999129 0.00589013062 105
10.870443821 11.10789226 0.1532109852 -0.04299125951 -0.02523360029 0.00702284098 0.005608632405 106
10.970402956 11.07826688 0.1492747584 -0.04045582134 -0.02245675345 0.006026242105 0.002825187254 107
11.070467949 11.05153578 0.1475884861 -0.04893876854 -0.01448847611 -0.002912088164 0.001253345744 108
11.180451870 11.01954507 0.1362658614 -0.05008661199 -0.02880262196 -0.006772036177 9.721495022e-05 109
11.280563831 10.99352166 0.1361026375 -0.04075706828 -0.01942951428 -0.007038905295 0.001649273858 110
11.380568028 10.96313431 0.1419402186 -0.0359257656 -0.00554916557 -0.00963201414 0.0001737727365 111
11.490491867 10.93085483 0.1388717535 -0.01773770275 -0.01110003632 0.007931012999 -0.0007919103689 112
11.590427876 10.89855087 0.1383000483 -0.008314632056 -0.006077216589 0.01491184436 0.0008334776212 113
11.690519810 10.86449299 0.1344105061 -0.01506303122 -0.009585619335 0.01008556945 -0.002490480444 114
11.800498963 10.82041365 0.1186121283 -0.04280165834 -0.01609792815 -0.009475547754 -0.005598853729 115
11.900486946 10.78393915 0.1117132418 -0.04811556727 -0.0155407852 -0.005976408882 -0.003968325009 116
12.010479927 10.74428566 0.1127660605 -0.02994964602 -0.005387553697 0.00636706171 -0.005826931414 117
12.110484839 10.70698162 0.1108731007 -0.03124871056 -0.003836898459 0.0109627359 -0.005551630987 118
12.210696936 10.66530525 0.1136005396 -0.03499107523 0.01052552996 0.02025970544 -0.004928427702 119
12.320567846 10.61685448 0.1260007506 -0.0447062718 0.0255982449 0.02104414774 -0.001986538055 120
12.420482874 10.56336261 0.1167633279 -0.07463932036 0.01213042766 -0.00312367396 -0.002911880154 121
12.520498991 10.52102312 0.1082779738 -0.09838891688 0.01831164049 -0.01398949672 -0.002084770722 122
12.630584002 10.47804806 0.1033460349 -0.08566368487 0.01568400121 -0.003648284135 -0.002214923895 123
12.730684042 10.44527294 0.0866960348 -0.05613679696 0.01809320223 0.02702610829 -0.005318308894 124
12.830538035 10.39610076 0.07195322173 -0.08441848035 -0.0138776869 0.02730317122 -0.002576599718 125
12.940522909 10.34365536 0.08036173316 -0.1063676746 0.01705331133 -0.00196025666 6.599852167e-05 126
13.040511847 10.29964034 0.07809095717 -0.1104821545 0.007845633065 -0.006531669664 0.002611361004 127
13.140516997 10.26547265 0.06266990651 -0.09913248305 0.003617994191 0.004616476313 -0.001421375144 128
13.250649929 10.22249968 0.05829264825 -0.08648606634 0.005573325253 0.01184574756 -0.002260196894 129
13.350565910 10.18220602 0.05067698857 -0.09601367163 -0.0009981237017 0.01291798817 -0.003112647118 130
13.450548887 10.14035279 0.05180219887 -0.113043948 0.01069722088 0.002168240511 -0.003450332971 131
13.560556889 10.09088758 0.06114330373 -0.1183490461 0.0230903991 -0.01024031756 -0.004245624884 132
13.660542965 10.04121459 0.06282413632 -0.1203092122 0.02677040093 -0.02618466807 -0.005523268527 133
13.760586023 9.988133932 0.05905954218 -0.1145531141 0.01855452941 -0.03484305042 -0.005054612489 134
13.870575905 9.929535066 0.06432159753 -0.07826036317 0.02661272647 -0.03070323582 -0.005880491373 135
13.970546961 9.876743115 0.05100747385 -0.0480813207 0.006766382269 -0.02166776111 -0.003297273827 136
14.080540896 9.824607969 0.03427805665 -0.01591042942 0.001507675462 -0.003721680425 -0.008013475164 137
14.180598021 9.778274654 0.02761508288 0.00163585454 -0.0149055776 0.01850290982 -0.006140228356 138
14.280589819 9.727246914 0.01174236383 0.0118902417 -0.01627275473 0.03198923544 -0.01154738937 139
14.390589953 9.656765693 0.001029751904 -0.02746591919 -0.03081983094 0.008170787019 -0.01326954145 140
14.490617991 9.58780336 -0.001864477294 -0.05636103388 -0.01938986705 -0.008284532849 -0.01843659646 141
14.590569973 9.51006377 0.003909344148 -0.05997211164 -0.0145501753 -0.01937120458 -0.01797680249 142
14.700690031 9.400096742 0.00225185791 -0.03546592706 -0.007951396306 -0.01344230229 -0.01984190158 143
14.800611973 9.286795957 0.005231874837 -0.01931301476 -0.008669798681 -0.007608649668 -0.01877352046 144
14.900604010 9.170514852 0.006596370543 0.008437456951 -0.003385247574 0.009467458451 -0.01796585565 145
15.010610819 9.039427432 0.01877483271 0.02032130524 0.007188410888 0.02346339969 -0.01655160665 146
15.110560894 8.914737188 0.02294523948 0.01132863633 0.007853497584 0.02778232895 -0.01813795579 147
15.210701943 8.784470079 0.01600534957 -0.00960390974 0.008163286125 0.0238718102 -0.01980336678 148
15.320619822 8.642946123 0.01688671039 -0.04533641877 0.002273326364 0.004075654055 -0.01760203194 149
15.420601845 8.515078804 0.0126652295 -0.06760696235 0.0009350695635 -0.006359195957 -0.01981125756 150
15.530611992 8.3649248 0.01037644022 -0.0712589186 0.002816044807 -0.01385164214 -0.01631943712 151
15.630662918 8.222911614 0.009264161321 -0.06306186843 -0.0002898912933 -0.009874382021 -0.01505016299 152
15.730860949 8.077724868 0.001519609384 -0.05295901424 -0.006863222952 -0.003120420986 -0.01429479071 153
15.840636015 7.909971642 -0.001818710292 -0.03537180161 -0.006978712166 0.004783728041 -0.01300906679 154
15.940639019 7.754274662 0.01423358967 -0.02467468242 0.01210700674 0.009563580319 -0.0113805114 155
16.040644884 7.588793756 0.02178653976 -0.02471326562 0.01356050152 0.01049366516 -0.007365626761 156
16.150653839 7.394970177 0.01138502283 -0.04337165733 -0.00435161577 -0.001548817824 -0.009817988403 157
16.250787020 7.212298306 -0.0003087257406 -0.05540579231 -0.0008302884779 -0.01335381217 -0.01094124214 158
16.350625992 7.026934554 0.01062158399 -0.06230542068 0.001641229191 -0.01879466155 -0.006965904598 159
16.460608006 6.819818703 0.01779274788 -0.04905619368 0.01818927696 -0.009523709906 -0.01045662773 160
16.560688019 6.628948947 0.007851063522 -0.03012068074 -0.00128425178 0.004965411821 -0.01081587486 161
16.660661936 6.434146895 -0.001807655275 -0.01236284352 -0.006543904214 0.01172538812 -0.0126662934 162
16.770717859 6.233484346 -0.0001345598796 -0.01651927121 -0.005862098217 0.01159340584 -0.01394724283 163
16.870692969 6.066735606 0.003613252601 -0.02631721134 0.001749031033 0.00327229521 -0.01682488205 164
16.970731020 5.907940248 -0.004908969866 -0.04290019603 -0.007987592914 -0.009121873445 -0.02038704776 165
17.080691815 5.737008076 -0.008674908212 -0.04832535064 0.0003940104911 -0.01768468428 -0.02829508529 166
17.180655956 5.585016115 0.005475621272 -0.04751450053 0.01377371673 -0.01297775762 -0.02775011275 167
17.290760994 5.419550683 0.001969210109 -0.04717874235 0.009381932311 0.00178612024 -0.0297538181 168
17.390663862 5.261349492 -0.002950283445 -0.03979989938 0.0003752666584 0.006427418458 -0.02957895163 169
17.490689993 5.10236565 -0.01584920364 -0.02685574524 -0.01166040242 0.003151759793 -0.03107826755 170
17.600713015 4.944001671 -0.01199725403 -0.00902715192 -0.00516644042 0.008961749601 -0.02829050456 171
17.700933933 4.807917742 0.0008544391767 -0.01860039892 0.00131285744 0.01240577264 -0.02620846838 172
17.800770998 4.675234612 0.0002418793692 -0.05224611562 0.003149328245 0.003912626969 -0.02692838183 173
17.910782814 4.534900693 0.009116677304 -0.05960617703 0.01252983886 0.004362005882 -0.02648247858 174
18.010722876 4.403547755 0.0134677291 -0.04493211529 0.006492870861 0.01302297898 -0.02077928844 175
18.110761881 4.255672798 0.0007457793718 -0.03464777808 -0.01899331017 -0.002918887318 -0.01457533672 176
18.220964909 4.092016346 -0.002338510937 -0.03546400679 -0.01868994851 -0.01128869758 -0.01034938466 177
18.310825825 3.956391193 0.01091677135 -0.04300604994 -0.01260506337 -0.005635100097 -0.0007167885476 178
18.420805931 3.763918128 0.01202608007 -0.03412061754 -0.01465782126 -0.0009961847137 0.009073453857 179
18.530784845 3.571445063 0.01313538879 -0.02523518514 -0.01671057914 0.00364273067 0.01886369626 180
18.640764952 3.378971998 0.0142446975 -0.01634975273 -0.01876333702 0.008281646054 0.02865393867 181
18.750744820 3.186498933 0.01535400622 -0.007464320329 -0.02081609491 0.01292056144 0.03844418107 182
18.860723972 2.994025868 0.01646331494 0.001421112075 -0.02286885279 0.01755947682 0.04823442347 183
18.940750837 2.84562392 0.02073232876 0.000852400071 -0.02544136031 0.01537150405 0.05579823495 184
19.050767899 2.645807593 0.03007732853 -0.03128617231 -0.01155727636 0.003338096532 0.06656677355 185
19.150779963 2.469059734 0.03582644225 -0.04943546279 -0.0129944466 -0.0005270180966 0.07739092873 186
19.250949860 2.296487097 0.03881432894 -0.05663108569 -0.008764615238 -0.002296157244 0.0846758185 187
19.360803843 2.113748181 0.03763889798 -0.0660300995 -0.01407556487 -0.004210755463 0.09238838653 188
19.460727930 1.957203245 0.03664565301 -0.06488565148 -0.01310083952 -0.002026757289 0.09474421721 189
19.560781002 1.804709967 0.03971833402 -0.06091592054 -0.0118445375 -0.001738956112 0.09315839413 190
19.670760870 1.634789395 0.0384665311 -0.05033551856 -0.01133820577 0.0006217197405 0.09068982683 191
19.770833969 1.484301839 0.03731031495 -0.0459009019 -0.01479095364 0.001817092901 0.09159529909 192
19.870810032 1.416283025 0.04370018365 -0.06156408283 -0.01316154611 -0.01178916149 0.1020052283 193
19.980788946 1.393740101 0.04446051708 -0.06761696621 -0.0130472087 -0.01925729553 0.1092546 194
20.080804825 1.385401628 0.05077775352 -0.05826225359 -0.005987680629 -0.01137048973 0.1154385523 195
20.180826903 1.377340404 0.06277205011 -0.0477339297 -0.003877700361 0.00220492312 0.1270128954 196
20.290920019 1.369211554 0.05576976703 -0.04238925897 -0.004842942334 0.007810683341 0.1273528086 197
20.390830040 1.356583111 0.04969921925 -0.0410080053 -0.008739783271 0.005446311884 0.129167628 198
20.490837813 1.343127251 0.0566119572 -0.04288272695 -0.008005421525 0.004131986565 0.1364384086 199
20.600853920 1.338123239 0.05898505193 -0.04957304407 -0.004786106059 0.003294349505 0.1394589314 200
20.701015949 1.358146876 0.06231338226 -0.05961162382 -7.361524188e-05 -0.004207081398 0.1446023742 201
20.800897837 1.414135075 0.07060554366 -0.06926886352 4.454220515e-05 -0.01228478263 0.1592679641 202
20.910840988 1.52132292 0.07720220886 -0.0747912753 0.004141195401 -0.02201160334 0.1779041997 203
21.010859013 1.654093236 0.08112522022 -0.0732162697 0.003616294158 -0.02389281285 0.1966903835 204
21.110865832 1.803404105 0.08641864792 -0.05895018526 0.00398949073 -0.01474871884 0.2196274148 205
21.220978975 1.978925237 0.08902152437 -0.05245816892 0.003458420669 -0.004477570392 0.2443273104 206
21.320920944 2.13738016 0.0880479126 -0.0553241812 -0.0001552474273 -0.001542541683 0.2683812872 207
21.420882940 2.285855559 0.08714894551 -0.05194808192 -0.004199006023 -0.001670557731 0.2953327692 208
21.530903816 2.444646638 0.09709479273 -0.04548116509 -0.0005722799757 0.002346904323 0.3214224345 209
21.630941868 2.585511767 0.1024084943 -0.04626481115 0.008625985387 0.003075573015 0.3398318988 210
21.731003046 2.727033801 0.1080262436 -0.04976352988 0.0150764382 0.003850350126 0.3577568604 211
21.840883017 2.880124955 0.1108736767 -0.05493341055 0.01483622726 -0.0006172389106 0.3795405475 212
21.940925837 3.013168101 0.1052476955 -0.05666450086 0.007351667351 -0.003917830268 0.3978959388 213
22.040905953 3.13231079 0.09951534392 -0.04969974731 0.001089488975 0.002523866259 0.4134645852 214
22.150928021 3.256098174 0.09727655047 -0.04731931497 -0.0006234758274 0.004709758023 0.4277006296 215
22.251060009 3.375134825 0.09544825001 -0.05425809082 -0.00368537277 0.002357179038 0.4375178842 216
22.350960970 3.49364586 0.08593302584 -0.05775480598 -0.01087416975 0.003865486528 0.4422397964 217
22.460935831 3.628804443 0.07737588663 -0.07137878727 -0.01492650059 0.0001256319774 0.4421181621 218
22.560925961 3.762105227 0.08660676539 -0.07611218965 -0.01117733421 -0.006785436819 0.436330029 219
22.660943031 3.911364228 0.09392282133 -0.06360390357 0.00317926648 -0.0007094543602 0.4240511682 220
22.770956993 4.086097809 0.1006096087 -0.04968446045 0.01702452976 0.01263366097 0.4094624134 221
22.870947838 4.247826557 0.1036427466 -0.04645405401 0.02448991077 0.02188404481 0.3992614125 222
22.970947981 4.407668766 0.09567657429 -0.06012106728 0.01660169401 0.02000984139 0.3906898035 223
23.080940962 4.576997706 0.09450446384 -0.07171531143 0.01354764376 0.01434859771 0.3914167105 224
23.180953026 4.734003715 0.1164804611 -0.06341981708 0.03644235377 0.0139053754 0.4015779509 225
23.281011820 4.897663293 0.130019634 -0.05996070909 0.02309602359 0.0285210113 0.4144565198 226
23.390959978 5.073415769 0.1310150375 -0.07616661226 0.02695981843 0.02142738787 0.4136119951 227
23.490960837 5.231720594 0.1233128967 -0.1094220774 0.02489899683 -0.0008415576319 0.4048264675 228
23.591004849 5.387202023 0.1054269523 -0.1379693671 -0.01730082645 -0.02224224722 0.3920189851 229
23.701135874 5.571924077 0.1011585753 -0.1326259827 0.0002991409474 -0.02416739183 0.3624275937 230
23.801020861 5.741047006 0.115558316 -0.1473381045 0.0210762878 -0.03556731633 0.3253523151 231
23.911017895 5.910330425 0.1108491135 -0.143559453 0.01230230944 -0.04536658569 0.2950173604 232
24.011169911 6.065191109 0.09308372538 -0.07970819169 -0.00827632152 -0.0299418552 0.2751740416 233
24.111002922 6.215289457 0.06501627721 -0.05778220504 -0.02242541521 -0.01651394411 0.2601017911 234
24.221128941 6.366250598 0.08762805159 -0.05011337621 -0.0034823528 -0.01380699088 0.2607949366 235
24.321038962 6.500838527 0.09918385786 -0.006014674688 -0.001026946001 0.005114816321 0.2616637183 236
24.421002865 6.634294511 0.09183117821 0.001055877616 -0.00346527959 0.01116091585 0.2520480058 237
24.531023979 6.780915349 0.05930053576 -0.009437192551 -0.02574510501 0.01135996835 0.2273048816 238
24.631055832 6.913761914 0.04402840669 -0.008944860452 -0.03566112092 0.01528426233 0.2025041174 239
24.731125832 7.040799853 0.0425529386 -0.0181034879 -0.02846329515 0.007365877223 0.1762217536 240
24.841007948 7.179935084 0.04356518305 -0.03667976533 -0.01691367217 -0.00259314071 0.1477143318 241
24.941033840 7.308094506 0.0455743326 -0.0447029303 -0.007507554699 -0.005274502049 0.1221834302 242
25.051020861 7.447441132 0.03440947576 -0.04296937922 -0.006338575027 -0.007259740114 0.09107298941 243
25.151049853 7.563881963 0.03155988074 -0.02102368168 -0.004553040095 0.006183499327 0.07273561346 244
25.251264811 7.661241024 0.03541835282 -0.01365990266 0.004292075325 0.0105769083 0.05599075826 245
25.361081839 7.753264049 0.02940115708 -0.01587056874 0.002310005196 0.009318262029 0.04388884571 246
25.461041927 7.828094594 0.02967002224 -0.01857331635 0.005192134887 0.02314384062 0.04046097217 247
25.561059952 7.894138115 0.03792969225 -0.02505173299 0.01391811182 0.02370078149 0.03982660826 248
25.671037913 7.967031642 0.03453781125 -0.02924673122 0.00693680145 0.01168212018 0.03608325879 249
25.771059036 8.034089384 0.02320713524 -0.06348511909 0.002073111965 -0.01548470252 0.02696193557 250
25.871034861 8.107803198 0.01245130331 -0.09301230491 -0.00621524933 -0.03787121423 0.01762643685 251
25.981060982 8.192681457 0.008833014703 -0.08019812988 -0.009589136983 -0.04554702092 0.005697174112 252
26.081037998 8.269684099 0.005998815161 -0.03386281413 -0.008414421775 -0.03513596325 -0.002232427513 253
26.191114903 8.349326223 -0.003877979092 0.01626786359 -0.01804943434 -0.0109307799 -0.008044726943 254
26.291168928 8.418327277 -0.0125222009 0.04531549193 -0.02111180331 0.009035314857 -0.01457619899 255
26.391113043 8.485227954 -0.01165174082 0.05973781172 -0.007860533509 0.03902214826 -0.01961469841 256
26.501255989 8.551136107 -0.01729794733 0.06660001986 -0.01553215814 0.03725152836 -0.02058791433 257
26.601094008 8.602745615 -0.01678978252 0.02844386684 -0.01056722031 0.02031668896 -0.02083307216 258
26.701265812 8.656936924 -0.005471602556 -0.02225059493 0.00189664336 -0.003420487392 -0.01936745233 259
26.811323881 8.719637012 0.004648174065 -0.04518315119 0.01228363667 -0.01030989935 -0.01736881743 260
26.911145926 8.783180139 0.006787566424 -0.02918713253 0.01704354123 -0.005036603623 -0.01917495806 261
27.011117935 8.850074693 -0.002258153491 -0.01839515977 0.0009180152496 0.005467932085 -0.01693376877 262
27.121094942 8.917444634 -0.00657117852 -0.007997119979 0.007084214138 0.007512804472 -0.01901922615 263
27.221159935 8.975174448 -0.003771715705 -0.0126615491 0.003404032991 0.0009210623905 -0.01664637259 264
27.331110954 9.039909855 -0.008239670083 -0.03228005576 0.007298975457 -0.01213691523 -0.02033252392 265
27.431125879 9.103133097 -0.01416473808 -0.03066950364 -0.003710807509 -0.01242433057 -0.0178485784 266
27.531143904 9.182578825 -0.01635383757 -0.01616761705 -0.001687127042 -0.001568174675 -0.01909909611 267
27.631234884 9.258799882 -0.0164594822 0.002656871321 -0.005238292654 0.01332250762 -0.01706612362 268
27.741250038 9.329761797 -0.0226419367 0.005293218992 -0.008186346678 0.01411386825 -0.0183676584 269
27.841135025 9.378929668 -0.02993662513 -0.01815440761 -0.01281446205 0.00301283077 -0.0176605671 270
27.951148987 9.433747738 -0.02669050306 -0.03446256886 -0.007124028118 -0.007472093231 -0.01576721434 271
28.051162958 9.48810236 -0.02883966174 -0.03583612475 -0.01268984631 -0.002345324919 -0.01408655352 272
28.151168823 9.544362881 -0.03451285623 -0.01878868676 -0.01261002089 0.01215208215 -0.01895634002 273
28.261273861 9.601042202 -0.04809077099 -0.01726256032 -0.03761992674 0.02079912135 -0.01999048477 274
28.361162901 9.646700214 -0.05009143114 -0.02635538371 -0.01545827476 0.01676991354 -0.02513951578 275
28.461189032 9.682361907 -0.02859791861 -0.04306437159 0.009620418885 0.008530120628 -0.02745331351 276
28.571182013 9.711174815 -0.03441030059 -0.06296050891 -0.0003800273651 0.011077934 -0.0313202773 277
28.671188831 9.744569284 -0.02919593311 -0.06349858874 0.01546322316 0.01905317991 -0.02901093153 278
28.771222830 9.771989559 -0.01255887215 -0.07292726888 0.01871217069 -0.01169540207 -0.0272687996 279
28.881183863 9.796335482 -0.0324970764 -0.06599657564 -0.009641184856 -0.02717789842 -0.02982564633 280
28.981202841 9.810074663 -0.06243136799 -0.06893235537 -0.03566692012 -0.049985155 -0.03146321157 281
29.081210852 9.818296355 -0.07380753024 -0.02774007805 -0.03258561142 -0.03487175714 -0.03115436125 282
29.191229820 9.83677078 -0.04793685677 0.04658204605 0.01038349306 0.01782609684 -0.03273532596 283
29.291251898 9.853089521 -0.0409322868 0.08792046756 0.00296048533 0.07123512004 -0.03092860279 284
29.401237965 9.858793362 -0.00850023496 0.0486419474 0.04684535555 0.07204579507 -0.02690174925 285
29.501271010 9.845395846 0.01272775603 -0.04884257851 0.03358811451 0.02630330184 -0.01909547175 286
29.601274967 9.841973753 -0.004113838892 -0.1227743578 0.03659974037 -0.01803964303 -0.0281226089 287
29.711318016 9.84421321 -0.03577256694 -0.1400202765 -0.0007234836243 -0.03466000193 -0.027980352 288
29.811264038 9.860276389 -0.06510182956 -0.09889504543 -0.02877166244 -0.0228820687 -0.02887206855 289
29.911275864 9.868370183 -0.03205526483 -0.08354375504 0.007551205929 -0.03682758252 -0.0245416458 290
30.021373987 9.878217187 -0.02840020658 -0.06619630038 -0.003283322386 -0.04528312169 -0.02274407557 291
30.121217013 9.898207972 -0.0361916381 -0.0361745494 0.000849993628 -0.04593225265 -0.025526573 292
30.221424818 9.927626556 -0.04059647571 0.0225143675 -0.009039257809 -0.0164997315 -0.0238718751 293
30.331272841 9.96329202 -0.05180392816 0.08403036663 -0.01215386351 0.01957109635 -0.02731037136 294
30.431273937 9.990180011 -0.05469539562 0.07775093519 -0.01242855417 0.02367446187 -0.02708791603 295
30.541268826 10.01922922 -0.03475241079 0.04885122676 0.01389152806 0.01168777245 -0.02645724241 296
30.641283989 10.04810912 -0.02667888369 0.02938270032 0.009193199617 0.006151015033 -0.02501167326 297
30.741423845 10.0809222 -0.0252265002 0.02548153336 0.01682071393 0.01106171055 -0.02367701215 298
30.851289034 10.11775394 -0.02959885228 0.01895216266 0.002777738778 0.01585100682 -0.02400124304 299
30.951279879 10.15079499 -0.0395014265 0.005933178494 -0.0008557147545 0.01168154536 -0.02684587502 300
31.051285982 10.18375824 -0.04751006324 -0.01792539976 -0.00970829991 0.002855292381 -0.02609831048 301
31.161303997 10.21666214 -0.04860503784 -0.03044152532 -0.008838969079 -0.0002569199824 -0.02642818914 302
31.261390925 10.23615122 -0.05317701527 -0.02917146612 -0.01595436785 0.000262916253 -0.02642526668 303
31.361325979 10.2383255 -0.05535731563 -0.02260287792 -0.01104205656 -0.002199441686 -0.02739691879 304
31.471323967 10.22943792 -0.05252081506 -0.01620710711 -0.006551072755 -0.00516173968 -0.02611604687 305
31.571322918 10.21769709 -0.05110343245 -0.007678052431 -0.002566629771 -0.003393199748 -0.02730816003 306
31.671303034 10.20296081 -0.04051760804 0.01189484846 0.008623381855 0.0004788799803 -0.02463355533 307
31.781360865 10.17417775 -0.03135208088 0.02586152273 0.009819456137 0.004762984248 -0.02246962139 308
31.881325960 10.15097202 -0.02592002161 0.02573974395 0.0164391846 0.002673142137 -0.02151650767 309
31.981303930 10.13137309 -0.02693497992 0.02073789796 0.01464914525 0.004547900361 -0.02210882485 310
32.091341019 10.1007378 -0.03449522569 0.02206064475 0.004715531019 0.01319701649 -0.02074897659 311
32.191380978 10.07483161 -0.03886662184 0.01050237019 -0.00111071144 0.005151512835 -0.02124393349 312
32.301502943 10.03240515 -0.04083817184 -0.005140035632 -0.002393550112 -0.003589012264 -0.02140562343 313
32.401454926 9.997640347 -0.04577496661 -0.01482425328 -0.003156487161 -0.009826488519 -0.02239602253 314
32.501368046 9.965339115 -0.05895923052 -0.009508949528 -0.02789023443 -0.007922484483 -0.02317262622 315
32.611342907 9.927944459 -0.05782889138 0.00678082668 -0.01317646843 -0.007845556477 -0.02250693266 316
32.711432934 9.890824796 -0.05409081197 0.01054499468 -0.0133865592 -0.007646704321 -0.02021679295 317
32.811472893 9.860854063 -0.05812830936 0.0179952918 -0.006865898335 0.0008076099916 -0.02230533975 318
32.921376944 9.820959551 -0.04816545115 0.04039362888 -0.001224652313 0.01678668394 -0.0215057601 319
33.021397829 9.779593494 -0.0356261375 0.0351173184 0.01509707283 0.01640653807 -0.02144519381 320
33.121354818 9.733115556 -0.0324360297 0.009071172539 0.0138690703 0.003820902192 -0.0207686571 321
33.231554985 9.686266333 -0.02964763025 -0.002069714065 0.01247664785 -0.0002386722772 -0.0197757355 322
33.331382990 9.643307283 -0.03347775371 -0.004909145895 0.00215153558 -0.001558221669 -0.0184194962 323
33.431430817 9.60294784 -0.04548545707 -0.001513285378 -0.002715767724 0.001533833829 -0.02048872788 324
33.541368008 9.557423568 -0.0574033132 -0.01223252407 -0.01827135043 0.003149136027 -0.02055423023 325
33.641456843 9.516992922 -0.06254990524 -0.01030881739 -0.01567149796 0.006071942435 -0.022050855 326
33.741477966 9.476638286 -0.05961197171 -0.01517968069 -0.01273862048 0.003956726075 -0.02122073681 327
33.851397991 9.434398477 -0.05424309336 -0.01871765868 -0.001964026507 0.008889474142 -0.02338205478 328
33.951419830 9.395811158 -0.05335762901 -0.0191668683 -0.002565008892 0.01131573779 -0.02390325859 329
34.061401844 9.353788848 -0.04128579767 -0.02915123781 0.01478651495 0.01274088931 -0.02360934962 330
34.161432982 9.311683228 -0.03542440305 -0.04193834669 0.01165487788 0.004360425511 -0.0223071655 331
34.261584997 9.27163044 -0.03186538478 -0.04963344361 0.0205637912 -0.007724495975 -0.02496140892 332
34.371431828 9.226097852 -0.03600214272 -0.0658113004 0.007869865342 -0.01360645726 -0.02995556379 333
34.471446991 9.191540735 -0.05800190044 -0.05594629827 -0.003532044326 -0.01409240556 -0.03970851445 334
34.571401835 9.160085301 -0.05221002182 -0.04246511409 0.01288198062 -0.003239454406 -0.04655537407 335
34.681432009 9.110667476 -0.04627180877 -0.02869522229 0.006008224048 0.002660626634 -0.04786819825 336
34.781483889 9.066798431 -0.06041938133 -0.02801414306 0.005063655314 -0.007982041998 -0.05189554148 337
34.881453991 9.017062164 -0.0539643918 -0.04418123978 0.009334274484 -0.02073337619 -0.04918235861 338
34.991451979 8.970122059 -0.06491046674 -0.01565778191 -0.004552623434 -0.001488137059 -0.05273840221 339
35.091445923 8.921074666 -0.06132637034 0.0152882049 0.008770388037 0.01859320601 -0.05156372159 340
35.191531897 8.861980398 -0.05427610101 0.01476132577 0.004316388777 0.02267276534 -0.04566281312 341
35.301642895 8.800842043 -0.05263420255 -0.005521479367 0.01166947285 0.01269376778 -0.04304516193 342
35.401510000 8.751034392 -0.04303760079 -0.03185343502 0.01407993217 -0.002875036846 -0.03710706476 343
35.511489868 8.692535725 -0.04023423259 -0.03929049117 0.01807066133 -0.01548485707 -0.03546712063 344
35.611454010 8.63060655 -0.04157855113 -0.04547231995 0.001672590794 -0.02602456111 -0.03008559074 345
35.711572886 8.562656029 -0.04678443064 -0.02899528432 -0.001150854867 -0.0224519153 -0.02591694994 346
35.821480990 8.476011459 -0.04506446777 0.003145858562 -0.01229073978 -0.004839540236 -0.01919924782 347
35.921489000 8.385859862 -0.05334333304 0.03159829911 -0.01756996647 0.01128961035 -0.01687145539 348
36.021529913 8.282429211 -0.04734004701 0.04383264075 -0.007000139946 0.01734729317 -0.01621455161 349
36.131512880 8.152333637 -0.04142911763 0.0333332188 -0.006233241025 0.009503452938 -0.01384056262 350
36.231657028 8.025728357 -0.03635306333 0.0238550969 0.003793424697 0.01053773347 -0.01223817331 351
36.331466913 7.888409476 -0.01649106119 0.01680876152 0.01193444997 0.003094107929 -0.003864152087 352
36.441498041 7.728357414 -0.006258130002 0.01955276516 0.013486723 0.0002428846578 0.004938937852 353
36.541507960 7.574532468 -0.002164104752 0.02196505749 0.01184196355 0.006178111467 0.01034367319 354
36.641527891 7.416985963 -0.002628885424 0.01639085965 0.01074758162 -0.004183421116 0.01155403277 355
36.751617909 7.262895935 -0.01391076603 0.009318335108 -0.001652366307 -0.004343538555 0.01100320471 356
36.851526022 7.144732062 -0.01851169029 0.002811077488 -0.007142000288 -0.005977643793 0.01043376813 357
36.951532841 7.030546175 -0.01398910193 0.01092001373 -0.006081094156 -0.005518428573 0.01311671175 358
37.061547041 6.900924233 -0.009988636526 0.02084779146 -0.002283556779 -0.002780463288 0.01375588316 359
37.161543846 6.777255129 -0.008639800263 0.01274452244 -0.0001620061511 -0.005452156002 0.0174098649 360
37.271685839 6.631523932 0.003273879001 0.01490573707 0.00998855944 -0.01835044797 0.02528249572 361
37.371534825 6.504550098 0.01708649352 0.02656491208 0.0187773663 -0.01421068111 0.0363437128 362
37.471580982 6.386401271 0.01849615826 0.03213070628 0.01139006414 0.002342555306 0.03994438953 363
37.581568003 6.255415738 0.004728254665 0.03142785239 0.001558882549 0.01032703578 0.03657701524 364
37.681571007 6.134267012 -0.0002533833152 0.04667356021 -0.01395977039 0.01614975385 0.0346437725 365
37.781626940 6.013755124 0.01599995389 0.05235932736 0.01179639279 0.01724077766 0.03426385327 366
37.891556025 5.868609348 0.0320676369 0.01001637227 0.01745948745 -0.0001692903137 0.03396784025 367
37.991575003 5.732537067 0.01464962315 0.00200662657 0.005538060208 0.001717304281 0.02953677938 368
38.091603041 5.584120383 0.001289735723 -0.0009353181972 -0.007640062721 0.0005292724345 0.02850627586 369
38.201649904 5.411060175 0.001773426145 0.008219191687 -0.00454979927 0.00381761197 0.02746865797 370
38.301692009 5.243693546 0.01423942238 0.009063157338 0.0001544024474 0.003284606757 0.02907218918 371
38.401634932 5.068344401 0.0128285086 0.00695619736 0.001833078967 0.00151502622 0.02839409634 372
38.511611939 4.868793058 0.006715544347 0.003565622758 0.002715909849 0.002234077505 0.02272070943 373
38.611606836 4.679324803 0.006150663609 0.003340068393 -0.003496525883 0.00323559405 0.01743282288 374
38.711866856 4.482066566 -0.004298626955 -0.0001958398893 -0.009467643589 -0.002378370493 0.007078058721 375
38.821590901 4.259571164 -0.01339013634 -0.0004654711783 -0.01555731933 -0.004641998411 -0.005933013586 376
38.921597004 4.052076902 -0.01255701198 0.000447069446 -0.01413052877 -0.007936645034 -0.0175326527 377
39.031666994 3.822543351 -0.003129682787 0.006436330339 0.006139385878 -0.007692362295 -0.03146847687 378
39.131661892 3.613549715 0.01574898553 0.001054933288 0.01859268036 -0.007870763086 -0.03390789518 379
39.231773853 3.40730918 0.0162128338 -0.001474982787 0.02292166713 -0.0008604535582 -0.03856094406 380
39.341639996 3.184669067 -0.00141499303 -0.0007508785084 0.003995525522 0.008405543539 -0.039190527 381
39.441578865 2.980461822 -0.01304858065 0.007038249787 -0.006025800946 0.013089962 -0.03604489277 382
39.541635990 2.773119393 -0.004456820402 0.01064595474 -0.002053836224 0.009033588707 -0.03037957448 383
39.651654959 2.550973708 0.01274715629 0.01629300298 0.01819850238 0.0008342438377 -0.03003527022 384
39.751709938 2.360640545 0.01359942601 0.01288938057 0.01654130582 0.003131245394 -0.02835131852 385
39.851670981 2.178533087 -0.0008690384024 0.007872467296 9.690271318e-05 0.007713560109 -0.02110806634 386
39.961642027 1.994286926 -0.0161599689 -0.001825186757 -0.01322718049 0.00291646506 -0.02221740569 387
40.061730862 1.845249331 -0.01881170647 -0.009646395613 -0.0213000373 0.006633957973 -0.02078411033 388
40.161705017 1.684080012 -0.01435925114 -0.002980153994 -0.01303137424 -0.0005355667765 -0.01797500153 389
40.271767855 1.509317827 0.008446566329 -0.005719393947 0.009252008269 -0.01386410804 -0.01942430555 390
40.371721029 1.365237673 0.02428103635 -0.01074523094 0.02632615892 -0.009510076583 -0.01640335437 391
40.481669903 1.216424149 0.01419965438 -0.01560177499 0.01164636238 0.003693352337 -0.01263593887 392
40.581712961 1.096000634 -0.01112270757 -0.02253509012 -0.009760374426 0.005554871472 -0.0125914948 393
40.681685925 0.9882251467 -0.009070459599 -0.03395130269 -0.0118996235 -0.006541541803 -0.01139518275 394
40.791731835 0.8907087292 0.006156903437 -0.03616513278 0.002329893573 -0.01274874394 -0.01139826369 395
40.891682863 0.818560134 0.01016987563 -0.03030604301 0.006018031405 -0.007148686911 -0.009371907498 396
40.991734028 0.7489731633 0.00610383903 -0.02580477701 0.002062746405 -0.003678240251 -0.007673545551 397
41.101778031 0.6684092015 0.00548750482 -0.02649086668 0.0001881422093 -0.006308035945 -0.007552963577 398
41.201794863 0.5967553491 0.008361687163 -0.02835302995 0.0036140951 -0.003618910009 -0.007868268292 399
41.301911831 0.5227663811 0.008641410912 -0.02750520637 0.002100080516 0.0005436472008 -0.006350417319 400
41.411720991 0.430909377 0.007760932288 -0.02140328242 -0.001754258761 0.001000867725 -0.004487187414 401
41.511735916 0.3376052749 0.01251338889 -0.01513015215 -0.003015165244 0.0019611524 -0.003559041242 402
41.611713886 0.2350612537 0.02412886314 -0.01181410052 0.002347182451 0.0035725321 -0.002425448984 403
41.721923828 0.1129666632 0.03163660977 -0.01183003995 0.005584304363 0.001430479772 -0.0008151982141 404
41.821713925 -0.005211459092 0.03005691799 -0.0132007843 0.002082641431 0.001613067174 0.0001661712069 405
41.931748867 -0.09760330858 0.02746474698 -0.01682070766 -0.002965132379 -0.004445595004 -0.0002279816704 406
42.031781912 -0.08710742446 0.02948187585 -0.0212147673 -0.006066039697 -0.01301039429 0.0006825433803 407
42.131778002 -0.05562802813 0.03520691317 -0.02156068412 -0.0008512275837 -0.01367253172 0.0005033566348 408
42.241999865 -0.0631045139 0.0426313649 -0.02065465586 0.001722743368 0.0005446975783 -0.000122466306 409
42.341732979 -0.07430932183 0.04437345697 -0.02139068376 0.003122034013 0.002160099979 0.0002729483236 410
42.441741943 -0.06916117665 0.04328037222 -0.01942371291 -0.0003512064311 -0.00246780578 -9.16755015e-05 411
42.551791906 -0.07022902022 0.04396969374 -0.01657940823 -0.001379183019 0.002751277176 0.0003755735467 412
42.651787996 -0.07579904015 0.04577899905 -0.01957965272 -0.0009458270992 0.0007992866753 -0.0002911870222 413
42.751843929 -0.07634571269 0.04597984667 -0.02013310577 0.001161327965 -0.001577634577 -0.0003041770314 414
42.861775875 -0.07096788114 0.0427493247 -0.01739404221 -0.0004480355145 0.001358772565 0.0001121110505 415
42.961781025 -0.06844936016 0.03924024992 -0.01590044893 0.0001536363291 2.381564944e-05 0.0002911846037 416
43.061800003 -0.06837161376 0.03736689519 -0.01325510985 8.209594992e-05 -0.001400705751 -0.0003111237632 417
43.171808958 -0.06198528174 0.03556026161 -0.01122899718 0.000310185941 0.0001374659638 0.0003852644926 418
43.271986008 -0.05794723155 0.03279275316 -0.008830268347 0.0005764817807 0.0003014419443 0.0004314003187 419
43.381812811 -0.05580412545 0.02861520172 -0.006545663357 -0.0008520964363 0.0001042987039 0.0002752273699 420
43.481839895 -0.05172678349 0.02675504982 -0.005460893232 -0.0009686638056 -6.184692944e-05 0.000364386294 421
43.581821919 -0.04793264275 0.02447459049 -0.002453562271 0.0003204507781 -0.0006264766912 0.0004429006904 422
43.681833029 -0.04422925742 0.02217970569 -0.0001572433621 5.86791592e-05 0.0007240525689 -7.556564037e-05 423
43.791859865 -0.0404215837 0.01900955507 0.001563525651 -0.0003333548446 -0.0007106879407 0.0002145041898 424
43.891831875 -0.03601230691 0.0161501329 0.004208803287 -0.0003381479888 0.0009467687137 7.451181133e-05 425
44.001988888 -0.03190040264 0.01456690072 0.005876750618 0.0004604638186 0.0001208821516 0.0007482430326 426
44.101999045 -0.02830169477 0.01109696239 0.007475087419 0.0003065458027 0.000272473724 0.0001963209349 427
44.201992035 -0.0244868312 0.007345608767 0.00859261992 -0.0002202970769 -0.0005048627238 -0.0003801709981 428
44.311930895 -0.01925723455 0.004512756665 0.01022704591 -0.0002502132622 0.000140525871 0.0001806750842 429
44.411867857 -0.01625374075 0.00284498509 0.0118351737 0.0004241131623 0.0003613826203 -0.0001699789732 430
44.511857987 -0.0137836399 0.0008497323608 0.01191558481 0.0002549880964 -6.998817402e-05 1.138070543e-05 431
44.621865988 -0.01040730219 -0.00146940236 0.01315638779 -0.0002399812926 0.0004271615575 0.0004536689945 432
44.722012043 -0.008420930595 -0.002200721093 0.01335326246 0.0002518937229 0.0003415176876 5.276892634e-05 433
44.821884871 -0.006292746176 -0.002661934977 0.01347822605 0.0002200681756 -4.610701403e-05 -0.0003975872734 434
44.931869030 -0.004183996724 -0.004542702347 0.01369078505 -0.000518892416 -8.170149331e-05 -6.025063478e-05 435
45.031884909 -0.001980380617 -0.005982788476 0.01291040367 0.0001173117326 3.886395561e-05 -0.0003051049075 436
45.131871939 -0.0009573277347 -0.007226522446 0.0121753907 -0.0007010535493 -0.0003745964364 -0.0003854081952 437
45.242024899 -0.0001363052252 -0.008030669778 0.01083624435 -0.0003836756551 0.0003219815906 0.000301875802 438
45.341900826 0.001131837435 -0.008941262628 0.01000418065 -6.878734589e-05 0.0004199544412 -0.0005571406024 439
45.441895008 0.002069008833 -0.0096674403 0.009645633331 -0.0001806400674 0.0007869260713 0.0004942750016 440
45.551862002 0.00214632251 -0.009247415499 0.008147225925 6.246272208e-05 -0.0002366560753 0.0004770898408 441
45.651852846 0.002303658675 -0.009421819585 0.007064862148 -0.000240476353 -0.0003164396839 -0.0003257406475 442
45.761899948 0.002602755408 -0.009478855686 0.006073996445 -9.035894198e-05 0.000465320636 0.001067294949 443
45.861836910 0.002203500232 -0.009553017205 0.004895246736 3.057698999e-05 -0.0004799919519 0.0003712958152 444
45.961839914 0.002393768449 -0.009846011585 0.004537673642 0.0002683492437 0.0002195853193 0.0002144715179 445
46.071877003 0.002521744907 -0.01011886365 0.003845374898 5.747144344e-05 -0.000541681714 0.0004302324479 446
46.171860933 0.00223591149 -0.009844531547 0.003004824973 0.0004059363557 3.456235701e-05 -0.0003450019653 447
